2018-09-11 13:11:30,115 - InitFactory.py[line:164] - INFO: Channel : Hu:[[(0.537667139546+0.725404224946j),(0.862173320368-0.2049660583j),(-0.433592022306+1.4090344898j),(2.76943702988-1.20748692269j)],[(1.8338850146-0.0630548731897j),(0.318765239859-0.124144348216j),(0.342624466539+1.41719241343j),(-1.34988694016+0.717238651329j)],[(-2.258846861+0.714742903826j),(-1.30768829631+1.48969760779j),(3.57839693973+0.671497133608j),(3.03492346633+1.63023528916j)]]
Hd:[[(18.8916975999+25.4881063904j),(30.2936825577-7.20177319171j),(-15.2348707307+49.5084254389j),(97.3080983428-42.4267657839j)],[(64.4361512552-2.21552240947j),(11.2002688538-4.36198776667j),(12.0385966262+49.7950656572j),(-47.4301923846+25.201197379j)],[(-79.3677885144+25.1135057504j),(-45.9474831763+52.3426385056j),(125.732052241+23.594004272j),(106.636340866+57.280629286j)]]
Hsi:[[(0.488893770312-0.102242446085j),(0.293871467097-0.864879917324j),(-1.06887045817+1.09326566904j),(0.325190539456-1.21411704362j)],[(1.03469300992-0.241447041607j),(-0.787282803759-0.0300512961963j),(-0.809498694425+1.10927329761j),(-0.75492831917-1.11350074149j)],[(0.726885133383+0.319206739166j),(0.888395631758-0.164879019209j),(-2.94428416199-0.863652821989j),(1.3702985401-0.00684932810335j)],[(-0.303440924786+0.312858596637j),(-1.14707010697+0.627707287529j),(1.43838029282+0.0773590911304j),(-1.71151641885+1.53263030828j)]]
2018-09-11 13:11:42,128 - InitFactory.py[line:182] - INFO: flag: True, result: Time:[0.016932602292704713, 0.13107478385397148, 0.8084349129526734, 0.04355770090065034]
Throughput:[1.1429953353344828, 11.175114507648077, 0.5990232976496173]
SendBeam:[[(0.188918149207+0j),(0.0876195380719-0.0837256373343j),(-0.197425046444-0.085428084656j),(-0.21899423731-0.210494242157j)],[(0.0876195380719+0.0837256373343j),(0.0777435500259+0j),(-0.0537045875533-0.127116998672j),(-0.00828088529828-0.194681354879j)],[(-0.197425046444+0.085428084656j),(-0.0537045875533+0.127116998672j),(0.244945282058+0j),(0.324040171069+0.120944331046j)],[(-0.21899423731+0.210494242157j),(-0.00828088529828+0.194681354879j),(0.324040171069-0.120944331046j),(0.488393017008+0j)]]
RecvBeam:[[(0.652319095232+0j),(0.392878503609-0.352155626866j),(-0.681687005738-0.379822354035j),(-0.732055489412-0.872060191942j)],[(0.392878503609+0.352155626866j),(0.426743839357+0j),(-0.205521261358-0.596772854109j),(0.0298788909545-0.920436214998j)],[(-0.681687005738+0.379822354035j),(-0.205521261358+0.596772854109j),(0.933549652741+0j),(1.27279897601+0.485068755608j)],[(-0.732055489412+0.872060191942j),(0.0298788909545+0.920436214998j),(1.27279897601-0.485068755608j),(1.98738580808+0j)]]
UserOrder:[1, 2, 0]
2018-09-11 13:11:55,394 - InitFactory.py[line:187] - INFO: flag: True, result: Time:[0.030776231732182135, 0.3232069657974823, 0.3223804615613691, 0.3236363409089664]
Throughput:[3.7176275912813885, 3.717627591281389, 3.7176275912813876]
SendBeam:[[(0.165623827156+0j),(0.0887387011917-0.0828091052484j),(-0.199206727644-0.0603198839829j),(-0.217590695117-0.181088748464j)],[(0.0887387011917+0.0828091052484j),(0.0889479922394+0j),(-0.0765729850209-0.131918458112j),(-0.0260404597611-0.20581623577j)],[(-0.199206727644+0.0603198839829j),(-0.0765729850209+0.131918458112j),(0.261567526536+0j),(0.327662927075+0.13856129053j)],[(-0.217590695117+0.181088748464j),(-0.0260404597611+0.20581623577j),(0.327662927075-0.13856129053j),(0.483860650443+0j)]]
RecvBeam:[[(1.76944429843+0j),(0.873148362264-0.959240572844j),(-0.0612656654721+1.15853474464j),(0.282373204899-0.915758666062j)],[(0.873148362264+0.959240572844j),(0.950882742092+0j),(-0.658290140737+0.538477506875j),(0.635785804553-0.298811814856j)],[(-0.0612656654721-1.15853474464j),(-0.658290140737-0.538477506875j),(0.760667388819+0j),(-0.609365061467-0.153175508709j)],[(0.282373204899+0.915758666062j),(0.635785804553+0.298811814856j),(-0.609365061467+0.153175508709j),(0.519005221115+0j)]]
UserOrder:[0, 1, 2]
2018-09-11 13:11:57,644 - InitFactory.py[line:192] - INFO: flag: None, result: Time:[0.25, 0.25, 0.25, 0.25]
Throughput:None
SendBeam:[[(0.167034174192+0j),(0.0902550670806-0.0822104243435j),(-0.198899550253-0.0594682891004j),(-0.218164012245-0.183128909556j)],[(0.0902550670806+0.0822104243435j),(0.0892304133022+0j),(-0.078204225192-0.130026862065j),(-0.0277506201099-0.206327035221j)],[(-0.198899550253+0.0594682891004j),(-0.078204225192+0.130026862065j),(0.258016087941+0j),(0.324981901525+0.140392921888j)],[(-0.218164012245+0.183128909556j),(-0.0277506201099+0.206327035221j),(0.324981901525-0.140392921888j),(0.485719329648+0j)]]
RecvBeam:None
UserOrder:[0, 1, 2]
2018-09-11 13:12:06,121 - InitFactory.py[line:197] - INFO: flag: None, result: Time:[0.25, 0.25, 0.25, 0.25]
Throughput:None
SendBeam:[[(0.167034174192+0j),(0.0902550670806-0.0822104243435j),(-0.198899550253-0.0594682891004j),(-0.218164012245-0.183128909556j)],[(0.0902550670806+0.0822104243435j),(0.0892304133022+0j),(-0.078204225192-0.130026862065j),(-0.0277506201099-0.206327035221j)],[(-0.198899550253+0.0594682891004j),(-0.078204225192+0.130026862065j),(0.258016087941+0j),(0.324981901525+0.140392921888j)],[(-0.218164012245+0.183128909556j),(-0.0277506201099+0.206327035221j),(0.324981901525-0.140392921888j),(0.485719329648+0j)]]
RecvBeam:None
UserOrder:[0, 1, 2]
2018-09-11 13:12:17,200 - InitFactory.py[line:202] - INFO: flag: True, result: Time:[0.016958635843778547, 0.13669399127339188, 0.7993572979495833, 0.04699007493324623]
Throughput:[1.2417346130918363, 11.0448099891227, 0.6455246379520019]
SendBeam:[[(0.16204669096+0j),(0.0896390666971-0.0787560994308j),(-0.155107364706-0.0854565588509j),(-0.200355624854-0.223710483107j)],[(0.0896390666971+0.0787560994308j),(0.0878616250145+0j),(-0.0442678227326-0.122655372713j),(-0.00210511034079-0.221124086641j)],[(-0.155107364706+0.0854565588509j),(-0.0442678227326+0.122655372713j),(0.193531370889+0j),(0.309751226031+0.10847146072j)],[(-0.200355624854+0.223710483107j),(-0.00210511034079+0.221124086641j),(0.309751226031-0.10847146072j),(0.556560313019+0j)]]
RecvBeam:[[(0.656643490503+0j),(0.342529471175-0.325199835451j),(-0.654101884407-0.278204859068j),(-0.856304978974-0.85662504777j)],[(0.342529471175+0.325199835451j),(0.339729817165+0j),(-0.203423928545-0.469063035835j),(-0.0224404371872-0.87092855151j)],[(-0.654101884407+0.278204859068j),(-0.203423928545+0.469063035835j),(0.769439168416+0j),(1.21592304569+0.490512518692j)],[(-0.856304978974+0.85662504777j),(-0.0224404371872+0.87092855151j),(1.21592304569-0.490512518692j),(2.23418752358+0j)]]
UserOrder:[1, 2, 0]
2018-09-11 13:12:30,476 - InitFactory.py[line:207] - INFO: flag: True, result: Time:[0.030776231732182135, 0.3232069657974823, 0.3223804615613691, 0.3236363409089664]
Throughput:[3.7176275912813885, 3.717627591281389, 3.7176275912813876]
SendBeam:[[(0.165623827156+0j),(0.0887387011917-0.0828091052484j),(-0.199206727644-0.0603198839829j),(-0.217590695117-0.181088748464j)],[(0.0887387011917+0.0828091052484j),(0.0889479922394+0j),(-0.0765729850209-0.131918458112j),(-0.0260404597611-0.20581623577j)],[(-0.199206727644+0.0603198839829j),(-0.0765729850209+0.131918458112j),(0.261567526536+0j),(0.327662927075+0.13856129053j)],[(-0.217590695117+0.181088748464j),(-0.0260404597611+0.20581623577j),(0.327662927075-0.13856129053j),(0.483860650443+0j)]]
RecvBeam:[[(1.76944429843+0j),(0.873148362264-0.959240572844j),(-0.0612656654721+1.15853474464j),(0.282373204899-0.915758666062j)],[(0.873148362264+0.959240572844j),(0.950882742092+0j),(-0.658290140737+0.538477506875j),(0.635785804553-0.298811814856j)],[(-0.0612656654721-1.15853474464j),(-0.658290140737-0.538477506875j),(0.760667388819+0j),(-0.609365061467-0.153175508709j)],[(0.282373204899+0.915758666062j),(0.635785804553+0.298811814856j),(-0.609365061467+0.153175508709j),(0.519005221115+0j)]]
UserOrder:[0, 1, 2]
2018-09-11 13:12:30,766 - InitFactory.py[line:164] - INFO: Channel : Hu:[[(-0.769665913754-1.06158173332j),(1.11735613881+0.748076783704j),(0.552527021112-0.764849236568j),(0.0859311331754+0.48819390986j)],[(0.37137881276+2.350457224j),(-1.08906429505-0.192418510588j),(1.10061021788-1.40226896934j),(-1.49159031064-0.177375156619j)],[(-0.225584402271-0.615601881467j),(0.032557464165+0.888610425421j),(1.5442118955-1.42237592509j),(-0.74230183726-0.196053487807j)]]
Hd:[[(-27.0433036095-37.3001799969j),(39.2598928469+26.2847389022j),(19.4138206167-26.8740628244j),(3.01931225282+17.1533854998j)],[(13.0489213672+82.5866485627j),(-38.2658187859-6.76089730485j),(38.6715011618-49.270709281j),(-52.409141305-6.23232772494j)],[(-7.92622795316-21.6300453036j),(1.14395268445+31.2225877433j),(54.2580753302-49.977195692j),(-26.0818279674-6.88861738546j)]]
Hsi:[[(1.41931015064-0.082494425371j),(-0.80446595635+0.840375529754j),(0.215670086404+0.303520794649j),(0.722254032225+1.71188778298j)],[(0.291584373984-1.93302291785j),(0.69662441585-0.888032082329j),(-1.16584393148-0.600326562134j),(2.58549125262-0.194123535758j)],[(0.197811053464-0.438966153935j),(0.835088165073+0.100092833139j),(-1.1479527789+0.489965321174j),(-0.666890670701-2.13835526944j)],[(1.58769908997-1.79467884146j),(-0.243715140378-0.544528929991j),(0.104874716016+0.739363123604j),(0.187331024579-0.839588747337j)]]
2018-09-11 13:12:48,651 - InitFactory.py[line:182] - INFO: flag: True, result: Time:[0.011197309607780509, 0.05658986160057286, 0.23665304647725877, 0.6955597823143879]
Throughput:[0.34085135624469415, 2.252790725977561, 8.223837404487213]
SendBeam:[[(0.211613389989+0j),(-0.024644366476+0.167633106249j),(-0.0395296703875-0.292153979629j),(-0.11963927196+0.192080352334j)],[(-0.024644366476-0.167633106249j),(0.135663452824+0j),(-0.226831087842+0.0653381677281j),(0.166092798812+0.0724047009137j)],[(-0.0395296703875+0.292153979629j),(-0.226831087842-0.0653381677281j),(0.410732717752+0j),(-0.242837839562-0.201055152836j)],[(-0.11963927196-0.192080352334j),(0.166092798812-0.0724047009137j),(-0.242837839562+0.201055152836j),(0.241990439406+0j)]]
RecvBeam:[[(0.34290416755+0j),(0.270998926725-0.168462506752j),(-0.279146158691-0.903885177776j),(-0.162274045581+0.480519059272j)],[(0.270998926725+0.168462506752j),(0.29694464972+0j),(0.223441528747-0.851514673317j),(-0.364322531625+0.300048520682j)],[(-0.279146158691+0.903885177776j),(0.223441528747+0.851514673317j),(2.60996036544+0j),(-1.13457338227-0.81895197379j)],[(-0.162274045581-0.480519059272j),(-0.364322531625-0.300048520682j),(-1.13457338227+0.81895197379j),(0.750188817197+0j)]]
UserOrder:[0, 1, 2]
2018-09-11 13:12:58,773 - InitFactory.py[line:187] - INFO: flag: True, result: Time:[0.044512257370115826, 0.3324253417195366, 0.3099032658351486, 0.31315913507519894]
Throughput:[2.8148838654130235, 2.814883865413024, 2.814883865413024]
SendBeam:[[(0.326861627604+0j),(-0.0370737502325+0.197900634384j),(-0.158352558696-0.293794675106j),(-0.116028757217+0.233731517903j)],[(-0.0370737502325-0.197900634384j),(0.12402535103+0j),(-0.159919153104+0.12919884743j),(0.154674758992+0.0437397989985j)],[(-0.158352558696+0.293794675106j),(-0.159919153104-0.12919884743j),(0.340789063954+0j),(-0.153874386861-0.217525139058j)],[(-0.116028757217-0.233731517903j),(0.154674758992-0.0437397989985j),(-0.153874386861+0.217525139058j),(0.208323952626+0j)]]
RecvBeam:[[(1.4632747781+0j),(-0.543263306175-0.81096227769j),(0.219122786756+1.45487395746j),(0.052004427812-0.76922168666j)],[(-0.543263306175+0.81096227769j),(0.651141312217+0j),(-0.887661569161-0.418709118062j),(0.407000135036+0.314408484326j)],[(0.219122786756-1.45487395746j),(-0.887661569161+0.418709118062j),(1.47935414764+0j),(-0.757023191232-0.166898320987j)],[(0.052004427812+0.76922168666j),(0.407000135036-0.314408484326j),(-0.757023191232+0.166898320987j),(0.406227225987+0j)]]
UserOrder:[0, 1, 2]
2018-09-11 13:13:01,519 - InitFactory.py[line:192] - INFO: flag: None, result: Time:[0.25, 0.25, 0.25, 0.25]
Throughput:None
SendBeam:[[(0.327685044825+0j),(-0.0373146643577+0.198241715514j),(-0.157937208121-0.293866363281j),(-0.116561835246+0.23393833908j)],[(-0.0373146643577-0.198241715514j),(0.124180700052+0j),(-0.159797334675+0.12901188934j),(0.154800479796+0.043877764485j)],[(-0.157937208121+0.293866363281j),(-0.159797334675-0.12901188934j),(0.33966028507+0j),(-0.153614446702-0.21728537851j)],[(-0.116561835246-0.23393833908j),(0.154800479796-0.043877764485j),(-0.153614446702+0.21728537851j),(0.208473974128+0j)]]
RecvBeam:None
UserOrder:[0, 1, 2]
2018-09-11 13:13:09,127 - InitFactory.py[line:197] - INFO: flag: None, result: Time:[0.25, 0.25, 0.25, 0.25]
Throughput:None
SendBeam:[[(0.327685044825+0j),(-0.0373146643577+0.198241715514j),(-0.157937208121-0.293866363281j),(-0.116561835246+0.23393833908j)],[(-0.0373146643577-0.198241715514j),(0.124180700052+0j),(-0.159797334675+0.12901188934j),(0.154800479796+0.043877764485j)],[(-0.157937208121+0.293866363281j),(-0.159797334675-0.12901188934j),(0.33966028507+0j),(-0.153614446702-0.21728537851j)],[(-0.116561835246-0.23393833908j),(0.154800479796-0.043877764485j),(-0.153614446702+0.21728537851j),(0.208473974128+0j)]]
RecvBeam:None
UserOrder:[0, 1, 2]
2018-09-11 13:13:26,770 - InitFactory.py[line:202] - INFO: flag: True, result: Time:[0.009958830294842368, 0.0489033532134578, 0.18029306484210475, 0.7608447516495951]
Throughput:[0.2868480341716073, 1.6132781202409174, 9.240878753182015]
SendBeam:[[(0.249565079059+0j),(-0.0220444534244+0.186326568797j),(-0.0909624117431-0.2997262671j),(-0.127091393546+0.194464863352j)],[(-0.0220444534244-0.186326568797j),(0.141059592673+0j),(-0.215742325544+0.0943882685831j),(0.15641463649+0.0777097174965j)],[(-0.0909624117431+0.2997262671j),(-0.215742325544-0.0943882685831j),(0.393123896377+0j),(-0.187228470933-0.223515334736j)],[(-0.127091393546-0.194464863352j),(0.15641463649-0.0777097174965j),(-0.187228470933+0.223515334736j),(0.216251431803+0j)]]
RecvBeam:[[(0.987911364219+0j),(-0.0900910347773+0.746385674602j),(-0.343802054721-1.1989138031j),(-0.513466836549+0.76891227052j)],[(-0.0900910347773-0.746385674602j),(0.572124205607+0j),(-0.874449545131+0.369081997191j),(0.627752545705+0.317814148341j)],[(-0.343802054721+1.1989138031j),(-0.874449545131-0.369081997191j),(1.57462939252+0j),(-0.754448875689-0.890723768557j)],[(-0.513466836549-0.76891227052j),(0.627752545705-0.317814148341j),(-0.754448875689+0.890723768557j),(0.865335034381+0j)]]
UserOrder:[0, 1, 2]
2018-09-11 13:13:36,881 - InitFactory.py[line:207] - INFO: flag: True, result: Time:[0.044512257370115826, 0.3324253417195366, 0.3099032658351486, 0.31315913507519894]
Throughput:[2.8148838654130235, 2.814883865413024, 2.814883865413024]
SendBeam:[[(0.326861627604+0j),(-0.0370737502325+0.197900634384j),(-0.158352558696-0.293794675106j),(-0.116028757217+0.233731517903j)],[(-0.0370737502325-0.197900634384j),(0.12402535103+0j),(-0.159919153104+0.12919884743j),(0.154674758992+0.0437397989985j)],[(-0.158352558696+0.293794675106j),(-0.159919153104-0.12919884743j),(0.340789063954+0j),(-0.153874386861-0.217525139058j)],[(-0.116028757217-0.233731517903j),(0.154674758992-0.0437397989985j),(-0.153874386861+0.217525139058j),(0.208323952626+0j)]]
RecvBeam:[[(1.4632747781+0j),(-0.543263306175-0.81096227769j),(0.219122786756+1.45487395746j),(0.052004427812-0.76922168666j)],[(-0.543263306175+0.81096227769j),(0.651141312217+0j),(-0.887661569161-0.418709118062j),(0.407000135036+0.314408484326j)],[(0.219122786756-1.45487395746j),(-0.887661569161+0.418709118062j),(1.47935414764+0j),(-0.757023191232-0.166898320987j)],[(0.052004427812+0.76922168666j),(0.407000135036-0.314408484326j),(-0.757023191232+0.166898320987j),(0.406227225987+0j)]]
UserOrder:[0, 1, 2]
