2018-09-03 14:51:46,734 - InitFactory.py[line:130] - INFO: Channel : Hu:[[(0.537667139546+2.76943702988j),(0.862173320368+0.725404224946j),(-0.433592022306-0.2049660583j)],[(1.8338850146-1.34988694016j),(0.318765239859-0.0630548731897j),(0.342624466539-0.124144348216j)],[(-2.258846861+3.03492346633j),(-1.30768829631+0.714742903826j),(3.57839693973+1.48969760779j)]]
Hd:[[(18.8916975999+97.3080983428j),(30.2936825577+25.4881063904j),(-15.2348707307-7.20177319171j)],[(64.4361512552-47.4301923846j),(11.2002688538-2.21552240947j),(12.0385966262-4.36198776667j)],[(-79.3677885144+106.636340866j),(-45.9474831763+25.1135057504j),(125.732052241+52.3426385056j)]]
Hsi:[[(1.4090344898-0.303440924786j),(-1.20748692269+0.888395631758j),(0.488893770312-0.809498694425j)],[(1.41719241343+0.293871467097j),(0.717238651329-1.14707010697j),(1.03469300992-2.94428416199j)],[(0.671497133608-0.787282803759j),(1.63023528916-1.06887045817j),(0.726885133383+1.43838029282j)]]
2018-09-03 14:51:59,703 - InitFactory.py[line:136] - INFO: flag: True, result: Time:[0.0091499866194856, 0.0669675862022128, 0.15494470527326398, 0.7689377219050376]
Throughput:[0.5561881142452267, 1.6031424484683638, 10.521205430275222]
SendBeam:[[(0.645557686181+0j),(0.218874461536+0.0365084227964j),(-0.13462951746-0.401806870412j)],[(0.218874461536-0.0365084227964j),(0.0762735081431+0j),(-0.0683691764839-0.128617801817j)],[(-0.13462951746+0.401806870412j),(-0.0683691764839+0.128617801817j),(0.278168758923+0j)]]
RecvBeam:[[(1.60148094789+0j),(-0.273989641315-0.139215587109j),(-0.0572522466261-1.46354503413j)],[(-0.273989641315+0.139215587109j),(0.0589779274352+0j),(0.137020230588+0.245412610233j)],[(-0.0572522466261+1.46354503413j),(0.137020230588-0.245412610233j),(1.3395405176+0j)]]
UserOrder:[0, 1, 2]
2018-09-03 14:52:08,275 - InitFactory.py[line:141] - INFO: flag: True, result: Time:[0.03021442183978479, 0.32148161163670425, 0.32359103725673555, 0.3247129292667754]
Throughput:[3.742468575177851, 3.7424685751778504, 3.7424685751778504]
SendBeam:[[(0.646628624771+0j),(0.213165178131+0.0414942647931j),(-0.124555100041-0.407215761221j)],[(0.213165178131-0.0414942647931j),(0.0729339636686+0j),(-0.0671914791548-0.126248413945j)],[(-0.124555100041+0.407215761221j),(-0.0671914791548+0.126248413945j),(0.280437347482+0j)]]
RecvBeam:[[(2.49573622565+0j),(-1.05006077609+0.0464191198577j),(0.288333074682-0.265671728372j)],[(-1.05006077609-0.0464191198577j),(0.442668210213+0j),(-0.126254921009+0.106415536813j)],[(0.288333074682+0.265671728372j),(-0.126254921009-0.106415536813j),(0.0615948198614+0j)]]
UserOrder:[0, 1, 2]
2018-09-03 14:52:08,494 - InitFactory.py[line:130] - INFO: Channel : Hu:[[(0.325190539456-0.0300512961963j),(-1.71151641885+1.09326566904j),(0.319206739166+0.0773590911304j)],[(-0.75492831917-0.164879019209j),(-0.102242446085+1.10927329761j),(0.312858596637-1.21411704362j)],[(1.3702985401+0.627707287529j),(-0.241447041607-0.863652821989j),(-0.864879917324-1.11350074149j)]]
Hd:[[(11.4260308691-1.05589491801j),(-60.1365570706+38.4134400204j),(11.2157815582+2.71812139659j)],[(-26.5254773193-5.79325821195j),(-3.59243336863+38.9758907563j),(10.992730566-42.6597244873j)],[(48.1473829012+22.0553859164j),(-8.48358428654-30.3456669457j),(-30.3887826809-39.1244279932j)]]
Hsi:[[(-0.00684932810335+1.10061021788j),(0.37137881276-1.49159031064j),(-1.08906429505+2.350457224j)],[(1.53263030828+1.5442118955j),(-0.225584402271-0.74230183726j),(0.032557464165-0.615601881467j)],[(-0.769665913754+0.0859311331754j),(1.11735613881-1.06158173332j),(0.552527021112+0.748076783704j)]]
2018-09-03 14:52:18,806 - InitFactory.py[line:136] - INFO: flag: True, result: Time:[0.020874518876021597, 0.1282568308679608, 0.2928236131767678, 0.5580450370792498]
Throughput:[0.9152612802927111, 2.6649959958295457, 5.784992681777343]
SendBeam:[[(0.1181014487+0j),(-0.166130401191-0.245244925572j),(-0.114389603185+0.0576542812555j)],[(-0.166130401191+0.245244925572j),(0.742958558752+0j),(0.0411865957881-0.31863811775j)],[(-0.114389603185-0.0576542812555j),(0.0411865957881+0.31863811775j),(0.138939959221+0j)]]
RecvBeam:[[(1.20291065021+0j),(-1.42337509082+0.297686863198j),(0.108146600374+0.188218352682j)],[(-1.42337509082-0.297686863198j),(1.75791503364+0j),(-0.08138886397-0.249476927481j)],[(0.108146600374-0.188218352682j),(-0.08138886397+0.249476927481j),(0.0391741568533+0j)]]
UserOrder:[0, 1, 2]
2018-09-03 14:52:24,525 - InitFactory.py[line:141] - INFO: flag: True, result: Time:[0.048245640549719915, 0.35713548676115336, 0.2997759442520339, 0.29484292843709287]
Throughput:[3.000135235310277, 3.0001352353102764, 3.0001352353102773]
SendBeam:[[(0.210526798291+0j),(-0.197944711075-0.309025421504j),(-0.143895547082+0.104021685284j)],[(-0.197944711075+0.309025421504j),(0.639722951145+0j),(-0.0173943709668-0.309024441082j)],[(-0.143895547082-0.104021685284j),(-0.0173943709668+0.309024441082j),(0.149750248881+0j)]]
RecvBeam:[[(1.1058913123+0j),(-1.26976307613-0.0432891051632j),(0.508625204093+0.470957690422j)],[(-1.26976307613+0.0432891051632j),(1.45961309325+0j),(-0.602429958392-0.520833284934j)],[(0.508625204093-0.470957690422j),(-0.602429958392+0.520833284934j),(0.434495193707+0j)]]
UserOrder:[0, 1, 2]
2018-09-03 14:52:24,732 - InitFactory.py[line:130] - INFO: Channel : Hu:[[(-0.192418510588+0.291584373984j),(-1.40226896934-0.80446595635j),(-0.177375156619-0.243715140378j)],[(0.888610425421+0.197811053464j),(-1.42237592509+0.69662441585j),(-0.196053487807+0.215670086404j)],[(-0.764849236568+1.58769908997j),(0.48819390986+0.835088165073j),(1.41931015064-1.16584393148j)]]
Hd:[[(-6.76089730485+10.2452305767j),(-49.270709281-28.2660524681j),(-6.23232772494-8.56327715402j)],[(31.2225877433+6.95037194783j),(-49.977195692+24.4768869752j),(-6.88861738546+7.57787440223j)],[(-26.8740628244+55.7860595922j),(17.1533854998+29.3420072076j),(49.8694753581-40.9635802197j)]]
Hsi:[[(-1.1479527789-1.79467884146j),(2.58549125262+0.100092833139j),(-0.082494425371-0.600326562134j)],[(0.104874716016+0.840375529754j),(-0.666890670701-0.544528929991j),(-1.93302291785+0.489965321174j)],[(0.722254032225-0.888032082329j),(0.187331024579+0.303520794649j),(-0.438966153935+0.739363123604j)]]
2018-09-03 14:52:33,661 - InitFactory.py[line:136] - INFO: flag: True, result: Time:[0.015617628039281017, 0.07369164095497358, 0.13902001626328278, 0.7716707147424626]
Throughput:[0.4201253412506717, 1.0095705531005659, 8.208065661669014]
SendBeam:[[(0.260868116139+0j),(-0.0158510813221-0.320333062553j),(-0.277307256363-0.114245782965j)],[(-0.0158510813221+0.320333062553j),(0.394316215117+0j),(0.157138106775-0.333577613167j)],[(-0.277307256363+0.114245782965j),(0.157138106775+0.333577613167j),(0.344815668486+0j)]]
RecvBeam:[[(0.692420127082+0j),(0.896567268795-0.372256446301j),(-0.629535173934-0.509009188587j)],[(0.896567268795+0.372256446301j),(1.36103529198+0j),(-0.541490989989-0.997530417545j)],[(-0.629535173934+0.509009188587j),(-0.541490989989+0.997530417545j),(0.946544357115+0j)]]
UserOrder:[0, 1, 2]
2018-09-03 14:52:39,124 - InitFactory.py[line:141] - INFO: flag: True, result: Time:[0.03139735558054657, 0.2712598198715458, 0.35094564537431716, 0.3463971791735904]
Throughput:[2.6148140688367087, 2.6148140688367087, 2.6148140688367087]
SendBeam:[[(0.268016275548+0j),(-0.0360056809354-0.300296878966j),(-0.311675363238-0.0869907503789j)],[(-0.0360056809354+0.300296878966j),(0.341302503713+0j),(0.139339061632-0.337527927073j)],[(-0.311675363238+0.0869907503789j),(0.139339061632+0.337527927073j),(0.390681219396+0j)]]
RecvBeam:[[(1.18172953413+0j),(1.17094797897-0.311969865184j),(-0.297600516691-0.769168522967j)],[(1.17094797897+0.311969865184j),(1.24263763804+0j),(-0.091844881653-0.840734627182j)],[(-0.297600516691+0.769168522967j),(-0.091844881653+0.840734627182j),(0.57562642762+0j)]]
UserOrder:[0, 1, 2]
2018-09-03 14:52:39,326 - InitFactory.py[line:130] - INFO: Channel : Hu:[[(1.71188778298-1.96089999937j),(-0.839588747337+2.90800803073j),(0.960953869741-1.05818025799j)],[(-0.194123535758-0.197698225974j),(1.354594328+0.825218894228j),(0.124049800003-0.468615581101j)],[(-2.13835526944-1.20784548526j),(-1.07215528838+1.37897197792j),(1.43669662272-0.27246940925j)]]
Hd:[[(60.149605476-68.8990029091j),(-29.5001415492+102.176987013j),(33.7644772748-37.1806643363j)],[(-6.82080578268-6.94640759392j),(47.5955931338+28.9952363774j),(4.35866568109-16.465473148j)],[(-75.1341455339-42.4393643886j),(-37.6716968521+48.4521364418j),(50.4803737163-9.57359917723j)]]
Hsi:[[(1.09842461789+0.0334798822445j),(-2.05181629991+0.350179410603j),(-1.5770570228-0.261995434966j)],[(-0.277871932788-1.33367794343j),(-0.353849997774-0.299066030333j),(0.507974650906-1.75021236845j)],[(0.701541458163+1.12749227834j),(-0.823586525157+0.0228897927516j),(0.281984063671-0.285650971595j)]]
2018-09-03 14:52:55,862 - InitFactory.py[line:136] - INFO: flag: True, result: Time:[0.011819355897900855, 0.0742985754557594, 0.2964020578205428, 0.617480010825797]
Throughput:[0.5404194125607195, 3.1742974493114384, 7.6232036602328845]
SendBeam:[[(0.375582817954+0j),(-0.256250523758-0.328602134071j),(-0.047012086798+0.242211692766j)],[(-0.256250523758+0.328602134071j),(0.462331358511+0j),(-0.179838948691-0.206386306735j)],[(-0.047012086798-0.242211692766j),(-0.179838948691+0.206386306735j),(0.1620858187+0j)]]
RecvBeam:[[(1.29493782127+0j),(0.208071452898-1.30108950955j),(-0.544665217098+0.418519094384j)],[(0.208071452898+1.30108950955j),(1.34070402099+0j),(-0.508023804558-0.480004104649j)],[(-0.544665217098-0.418519094384j),(-0.508023804558+0.480004104649j),(0.364357643256+0j)]]
UserOrder:[0, 1, 2]
2018-09-03 14:53:04,062 - InitFactory.py[line:141] - INFO: flag: True, result: Time:[0.03632504950533977, 0.33693414676057964, 0.2846477345336238, 0.3420930692004568]
Throughput:[3.462253748080409, 3.4622537480804088, 3.4622537480804088]
SendBeam:[[(0.324571396692+0j),(-0.415337532365-0.0694850505874j),(0.131753217663+0.156628361291j)],[(-0.415337532365+0.0694850505874j),(0.546361906975+0j),(-0.202129303333-0.172223313399j)],[(0.131753217663-0.156628361291j),(-0.202129303333+0.172223313399j),(0.129066694221+0j)]]
RecvBeam:[[(0.947401853286+0j),(-0.0571999757843-1.36968937241j),(-0.111496640524-0.22991264366j)],[(-0.0571999757843+1.36968937241j),(1.98366653722+0j),(0.339129100732-0.147304889626j)],[(-0.111496640524+0.22991264366j),(0.339129100732+0.147304889626j),(0.0689269097298+0j)]]
UserOrder:[0, 1, 2]
2018-09-03 14:53:04,265 - InitFactory.py[line:130] - INFO: Channel : Hu:[[(-0.831366511568-0.798163584564j),(-0.533557109316-0.714530163787j),(0.520060101455-0.589029030721j)],[(-0.979206305167+1.01868528213j),(-2.00263573588+1.35138576843j),(-0.0200278516425-0.293753597735j)],[(-1.15640165566-0.133217479508j),(0.964229422632-0.224771056053j),(-0.0347710860285-0.847926243638j)]]
Hd:[[(-29.2112416327-28.0446096959j),(-18.7472858579-25.1060308273j),(18.273049342-20.6963705004j)],[(-34.4058024836+35.792952338j),(-70.3654472115+47.4828558418j),(-0.703706975893-10.3214493301j)],[(-40.6318124654-4.68078510435j),(33.8795684718-7.89764988008j),(-1.22173142853-29.7930913081j)]]
Hsi:[[(-1.12012830124-2.32986715581j),(0.307535159238+0.391353604433j),(-0.176534114231+0.183689095862j)],[(2.52599969212-1.44909729284j),(-1.25711835935+0.451679418928j),(0.791416061629-0.476153016619j)],[(1.65549759289+0.333510833066j),(-0.865468030555-0.130284653146j),(-1.33200442132+0.862021611557j)]]
2018-09-03 14:53:13,492 - InitFactory.py[line:136] - INFO: flag: True, result: Time:[0.012881443435871123, 0.05945888596684516, 0.21398156779950528, 0.7136781027977784]
Throughput:[0.33296660442911474, 1.8308592732043292, 7.884822228079667]
SendBeam:[[(0.327962346621+0j),(0.426848372792+0.157319646093j),(0.0222681342481+0.113833512731j)],[(0.426848372792-0.157319646093j),(0.63101454678+0j),(0.0835869396083+0.137474351924j)],[(0.0222681342481-0.113833512731j),(0.0835869396083-0.137474351924j),(0.0410230580231+0j)]]
RecvBeam:[[(0.479759208181+0j),(0.323985275302+0.926924027612j),(-0.137599727197+0.475408597316j)],[(0.323985275302-0.926924027612j),(2.00967125365+0j),(0.825595922786+0.586905125498j)],[(-0.137599727197-0.475408597316j),(0.825595922786-0.586905125498j),(0.510568442142+0j)]]
UserOrder:[0, 1, 2]
2018-09-03 14:53:20,341 - InitFactory.py[line:141] - INFO: flag: True, result: Time:[0.03916312098492214, 0.3129587452828601, 0.3142875934801767, 0.33359054025204105]
Throughput:[2.813558095287285, 2.813558095287285, 2.813558095287285]
SendBeam:[[(0.344091324831+0j),(0.435860599968+0.160887406895j),(-0.0146826540892+0.0980674267897j)],[(0.435860599968-0.160887406895j),(0.627331907227+0j),(0.02725527604+0.13108775441j)],[(-0.0146826540892-0.0980674267897j),(0.02725527604-0.13108775441j),(0.0285765831321+0j)]]
RecvBeam:[[(1.19683376032+0j),(-0.247871491556+1.06678912293j),(0.874881828425+0.439529598091j)],[(-0.247871491556-1.06678912293j),(1.00221293334+0j),(0.210577737884-0.870846740865j)],[(0.874881828425-0.439529598091j),(0.210577737884+0.870846740865j),(0.800952251485+0j)]]
UserOrder:[0, 1, 2]
2018-09-03 14:53:20,549 - InitFactory.py[line:130] - INFO: Channel : Hu:[[(-1.36169447087-0.0678655535427j),(-0.334886938964-0.303107621352j),(-1.11763868327+0.826062790212j)],[(0.455029556444-0.195221197899j),(0.552783345945+0.0230456244251j),(1.26065870912+1.52697668673j)],[(-0.848709379934-0.217606350143j),(1.0390906535+0.0512903558488j),(0.660143141047+0.466914435685j)]]
Hd:[[(-47.8450667245-2.38455248737j),(-11.7667276196-10.6501162181j),(-39.269820447+29.0248878598j)],[(15.9881089007-6.85937369896j),(19.4228269533+0.809740703157j),(44.2950319217+53.6524918228j)],[(-29.8206079127-7.64590777521j),(36.5099240052+1.80215940536j),(23.1950656383+16.4057009908j)]]
Hsi:[[(-0.209713338389-0.941485770955j),(-1.02976754357-0.532011376809j),(0.135174942099-0.48381505011j)],[(0.625190357088-0.162337672804j),(0.949221831131+1.68210359466j),(0.515246335525-0.712004549027j)],[(0.183227263001-0.146054634332j),(0.307061919147-0.87572934616j),(0.261406324055-1.17421233146j)]]
2018-09-03 14:53:36,499 - InitFactory.py[line:136] - INFO: flag: True, result: Time:[0.023329667261946116, 0.12344873361811405, 0.3018674589412637, 0.5513541401786761]
Throughput:[0.7746674609097965, 2.518030224086174, 5.273852443966252]
SendBeam:[[(0.00716958321096+0j),(-0.0285299417969+0.00550070498523j),(-0.075497682334-0.0239528655273j)],[(-0.0285299417969-0.00550070498523j),(0.117754364862+0j),(0.282063454139+0.153245526492j)],[(-0.075497682334+0.0239528655273j),(0.282063454139-0.153245526492j),(0.875076000544+0j)]]
RecvBeam:[[(2.14971588468+0j),(-0.54456367373+0.878045015713j),(-0.650773642873+0.580374497404j)],[(-0.54456367373-0.878045015713j),(0.496588782507+0j),(0.401904863302+0.118785027016j)],[(-0.650773642873-0.580374497404j),(0.401904863302-0.118785027016j),(0.353694238781+0j)]]
UserOrder:[0, 1, 2]
2018-09-03 14:53:42,946 - InitFactory.py[line:141] - INFO: flag: True, result: Time:[0.055270292923048525, 0.35676248710445785, 0.29593098914683974, 0.29203623082565394]
Throughput:[2.658242349751816, 2.6582423497518155, 2.6582423497518164]
SendBeam:[[(0.0495614482284+0j),(0.0444028552835-0.0367187713862j),(0.196094383922-0.0730220299029j)],[(0.0444028552835+0.0367187713862j),(0.0669851719336+0j),(0.229784065258+0.0798596254491j)],[(0.196094383922+0.0730220299029j),(0.229784065258-0.0798596254491j),(0.883453379057+0j)]]
RecvBeam:[[(1.2645938247+0j),(-0.284331091095+1.45307013747j),(0.0147023937025+0.0457895831073j)],[(-0.284331091095-1.45307013747j),(1.73357396421+0j),(0.0493058661602-0.0271922364626j)],[(0.0147023937025-0.0457895831073j),(0.0493058661602+0.0271922364626j),(0.00183110920799+0j)]]
UserOrder:[0, 1, 2]
2018-09-03 14:53:43,137 - InitFactory.py[line:130] - INFO: Channel : Hu:[[(-0.192239517539-0.444627816447j),(-0.249024742514-0.261163645776j),(1.23467914689-1.25067890683j)],[(-0.274070229933-0.155941035725j),(-1.06421341289+0.443421912904j),(-0.229626450963-0.947960922331j)],[(1.53007251442+0.276068253932j),(1.60345729812+0.391894209432j),(-1.50615970398-0.74110609394j)]]
Hd:[[(-6.75460813018-15.6226290116j),(-8.74983755645-9.17635514097j),(43.3822031521-43.9443774122j)],[(-9.62984628259-5.47920948418j),(-37.3926477915+15.5802578801j),(-8.06825106738-33.3079516378j)],[(53.76126812+9.70004968988j),(56.3397465875+13.7697589293j),(-52.921057606-26.0398138298j)]]
Hsi:[[(-0.507817550278-0.0290057637087j),(-3.0291773414-0.0845394798177j),(-1.06670139898+0.0413736134896j)],[(-0.3205755066+0.182452167506j),(-0.457014640872+1.6039463506j),(0.933728162671-0.734169112697j)],[(0.0124690413616-1.56505601415j),(1.24244840639+0.0983477746401j),(0.350321001356-0.0308137300123j)]]
2018-09-03 14:53:56,137 - InitFactory.py[line:136] - INFO: flag: True, result: Time:[0.022466611085187688, 0.13937367114530794, 0.3066886169469325, 0.5314711008225719]
Throughput:[1.0031975545634881, 2.7902606603531717, 5.434614140507866]
SendBeam:[[(0.0484456625967+0j),(0.100836246808+0.00244716775307j),(-0.143226597288+0.124140582755j)],[(0.100836246808-0.00244716775307j),(0.210007188614+0j),(-0.291845316485+0.265624815149j)],[(-0.143226597288-0.124140582755j),(-0.291845316485-0.265624815149j),(0.741547148523+0j)]]
RecvBeam:[[(0.0303831657632+0j),(0.0771294563126-0.0573286701434j),(0.283430067213-0.0244595279914j)],[(0.0771294563126+0.0573286701434j),(0.304240010618+0j),(0.766261535893+0.473004682927j)],[(0.283430067213+0.0244595279914j),(0.766261535893-0.473004682927j),(2.66537029552+0j)]]
UserOrder:[0, 1, 2]
2018-09-03 14:54:02,786 - InitFactory.py[line:141] - INFO: flag: True, result: Time:[0.050970007837647435, 0.35148849216832756, 0.301560728458283, 0.295980771535742]
Throughput:[2.7750259750605233, 2.7750259750605237, 2.7750259750605233]
SendBeam:[[(0.164593075693+0j),(0.224545760365+0.0110292148049j),(-0.283947266602+0.079584546868j)],[(0.224545760365-0.0110292148049j),(0.3070751524+0j),(-0.382041582045+0.127600073911j)],[(-0.283947266602-0.079584546868j),(-0.382041582045-0.127600073911j),(0.528331769553+0j)]]
RecvBeam:[[(0.458396222281+0j),(0.184079311361-0.371413115318j),(0.957595732622-0.276078418991j)],[(0.184079311361+0.371413115318j),(0.374864005384+0j),(0.608250905287+0.665023301549j)],[(0.957595732622+0.276078418991j),(0.608250905287-0.665023301549j),(2.16673824884+0j)]]
UserOrder:[0, 1, 2]
2018-09-03 14:54:02,986 - InitFactory.py[line:130] - INFO: Channel : Hu:[[(0.232347012624-1.66416447499j),(-0.236454583757+0.42271569122j),(2.22944568046-1.21284719967j)],[(0.426387557409-0.590034564205j),(2.0236908866-1.67020069785j),(0.337563700613+0.0661900484246j)],[(-0.372808741724-0.278064163765j),(-2.2583539705+0.471634326416j),(1.00006081959+0.652355888661j)]]
Hd:[[(8.16384186032-58.4727793566j),(-8.30816719844+14.8527154105j),(78.3347363319-42.6151067192j)],[(14.9817316374-20.7317013457j),(71.1052497977-58.684870609j),(11.860779437+2.32568123843j)],[(-13.0991639496-9.77017881298j),(-79.3504701073+16.5715410466j),(35.1385554288+22.9214494799j)]]
Hsi:[[(0.327059967177-0.0549189146094j),(-0.650907736598+0.350201173875j),(-1.32178852139+0.239763257059j)],[(1.08263350424+0.911127265654j),(0.257056157434+1.2502512283j),(0.924825933494-0.690361103111j)],[(1.00607711082+0.594583697409j),(-0.944377806404+0.929789458558j),(4.98490752508e-05-0.65155364175j)]]
2018-09-03 14:54:26,697 - InitFactory.py[line:136] - INFO: flag: True, result: Time:[0.01481110590137033, 0.09743084059889026, 0.27304390282621377, 0.6147141506735256]
Throughput:[0.7364101271094889, 2.7309255596707, 7.135535123532806]
SendBeam:[[(0.125593687788+0j),(-0.157404682635-0.154336674612j),(0.097151328008+0.227564250787j)],[(-0.157404682635+0.154336674612j),(0.386930625383+0j),(-0.401402212137-0.165817777873j)],[(0.097151328008-0.227564250787j),(-0.401402212137+0.165817777873j),(0.487475686632+0j)]]
RecvBeam:[[(0.356694303494+0j),(0.113539572212-0.555287096352j),(0.359705226081+0.701580073074j)],[(0.113539572212+0.555287096352j),(0.900604287347+0j),(-0.977710970829+0.783302652026j)],[(0.359705226081-0.701580073074j),(-0.977710970829-0.783302652026j),(1.74270051888+0j)]]
UserOrder:[0, 1, 2]
2018-09-03 14:54:35,421 - InitFactory.py[line:141] - INFO: flag: True, result: Time:[0.0448316413486331, 0.3672488212803709, 0.29380347116735095, 0.29411606620364505]
Throughput:[3.375382161224952, 3.3753821612249517, 3.375382161224952]
SendBeam:[[(0.0288780598255+0j),(-0.00972143680244-0.145849148176j),(-0.029999955916+0.0760092195492j)],[(-0.00972143680244+0.145849148176j),(0.739892495396+0j),(-0.373789252288-0.177105355276j)],[(-0.029999955916-0.0760092195492j),(-0.373789252288+0.177105355276j),(0.231229387501+0j)]]
RecvBeam:[[(0.761372870828+0j),(0.24778644822-0.792508643062j),(0.41988176048+0.915757363823j)],[(0.24778644822+0.792508643062j),(0.905582579517+0j),(-0.816581228786+0.735101112526j)],[(0.41988176048-0.915757363823j),(-0.816581228786-0.735101112526j),(1.33304115604+0j)]]
UserOrder:[0, 1, 2]
2018-09-03 14:54:35,625 - InitFactory.py[line:130] - INFO: Channel : Hu:[[(1.19210187053+0.581172322676j),(-1.9488471769+0.0799337102984j),(0.00116208348351+0.676977805684j)],[(-1.61183038868-2.19243491997j),(1.02049801445-0.948480983571j),(-0.0708372131605+0.857732545205j)],[(-0.0244619366359-2.31928030664j),(0.861716302393+0.411490621423j),(-2.4862839207-0.691159125383j)]]
Hd:[[(41.8861901536+20.420313919j),(-68.4755098954+2.80858429301j),(0.0408314515463+23.7865754594j)],[(-56.6339470011-77.0343107642j),(35.8566452594-33.3262247271j),(-2.48896596318+30.1376496234j)],[(-0.859504841647-81.4912033485j),(30.2776245829+14.4583066611j),(-87.3591122142-24.2848562424j)]]
Hsi:[[(0.449377623167-0.504586405514j),(0.536157079926+0.648679262049j),(-0.147201456151-0.471069912683j)],[(0.100633350315-1.27059444981j),(0.897888425985+0.825727149242j),(1.00777340531+0.13702487413j)],[(0.82606999847-0.382584802708j),(-0.131937867925-1.01494364268j),(-2.12365546242-0.291863375754j)]]
2018-09-03 14:54:45,415 - InitFactory.py[line:136] - INFO: flag: True, result: Time:[0.0118528540843338, 0.0809336160022837, 0.3033225479338079, 0.6038909819795746]
Throughput:[0.6333275474525532, 3.365089336061624, 7.620593907456582]
SendBeam:[[(0.593033319096+0j),(-0.137900497253+0.321717755394j),(0.0565593434192-0.340039672497j)],[(-0.137900497253-0.321717755394j),(0.206596928818+0j),(-0.197621885054+0.0483876614613j)],[(0.0565593434192+0.340039672497j),(-0.197621885054-0.0483876614613j),(0.200369751647+0j)]]
RecvBeam:[[(1.05942213015+0j),(-0.633492782524+0.578106319737j),(-0.283158932149-1.11363574282j)],[(-0.633492782524-0.578106319737j),(0.694268380544+0j),(-0.438374945568+0.820424609695j)],[(-0.283158932149+1.11363574282j),(-0.438374945568-0.820424609695j),(1.24630877199+0j)]]
UserOrder:[0, 1, 2]
2018-09-03 14:55:02,137 - InitFactory.py[line:141] - INFO: flag: True, result: Time:[0.04076852207281251, 0.3545211961367858, 0.3066756524846966, 0.2980346293057051]
Throughput:[3.437336165343225, 3.437336165343225, 3.437336165343225]
SendBeam:[[(0.609333167907+0j),(-0.116160685619+0.327328866934j),(0.0436043409884-0.3398637743j)],[(-0.116160685619-0.327328866934j),(0.197982857869+0j),(-0.190884641602+0.0413663033025j)],[(0.0436043409884+0.3398637743j),(-0.190884641602-0.0413663033025j),(0.192683964543+0j)]]
RecvBeam:[[(1.05574696636+0j),(-1.26288065065-0.586693415053j),(0.317447605331+0.113070566114j)],[(-1.26288065065+0.586693415053j),(1.83668887113+0j),(-0.442566497363+0.041155429666j)],[(0.317447605331-0.113070566114j),(-0.442566497363-0.041155429666j),(0.107563671037+0j)]]
UserOrder:[0, 1, 2]
2018-09-03 14:55:02,348 - InitFactory.py[line:130] - INFO: Channel : Hu:[[(0.301818555261-1.42864686463j),(-0.176830265929+2.17777870918j),(-0.629090760994+0.441326931728j)],[(0.399930942956-0.0208576177016j),(-2.13209459916+1.13846538733j),(-1.203849974-1.39813787581j)],[(-0.92996155894-0.560664996528j),(1.14536171052-2.49688650318j),(-0.253944683423-0.255055179881j)]]
Hd:[[(10.6048230525-50.1975340477j),(-6.21318221766+76.5193440094j),(-22.103996219+15.5066477448j)],[(14.0521409613-0.732861983357j),(-74.9141680033+40.0015962359j),(-42.2989764331-49.1255574501j)],[(-32.6755184739-19.6997599262j),(40.2439083332-87.7316489888j),(-8.92270665896-8.96172552719j)]]
Hsi:[[(0.164404073319+0.323213137848j),(1.57630014655+1.85859294856j),(0.664734120628+0.563166955146j)],[(0.747734028808-0.784146183664j),(-0.480937151779-0.604530088774j),(0.0851885927212+0.113596996734j)],[(-0.273046949403-1.80537335139j),(0.32751212083+0.103359722311j),(0.880952785381-0.904726212798j)]]
2018-09-03 14:55:11,755 - InitFactory.py[line:136] - INFO: flag: True, result: Time:[0.018032184982169297, 0.1535022201899911, 0.31344273186820654, 0.5150228629596331]
Throughput:[1.460134264958354, 3.5539773790605493, 6.387153805474845]
SendBeam:[[(0.0882497705492+0j),(-0.195050713399+0.183463840695j),(-0.0835043631793-0.0422493205213j)],[(-0.195050713399-0.183463840695j),(0.812509351886+0j),(0.0967295850939+0.266978488323j)],[(-0.0835043631793+0.0422493205213j),(0.0967295850939-0.266978488323j),(0.0992408742083+0j)]]
RecvBeam:[[(0.0534676323461+0j),(0.252200306064+0.257330047515j),(-0.0621631892488+0.154452860802j)],[(0.252200306064-0.257330047515j),(2.42808550987+0j),(0.450140853521+1.0277169809j)],[(-0.0621631892488-0.154452860802j),(0.450140853521-1.0277169809j),(0.518446565084+0j)]]
UserOrder:[0, 1, 2]
2018-09-03 14:55:20,006 - InitFactory.py[line:141] - INFO: flag: True, result: Time:[0.03908940251041332, 0.3610515044742604, 0.30558181175159166, 0.2942772812637346]
Throughput:[3.6961851964230226, 3.696185196423022, 3.6961851964230226]
SendBeam:[[(0.0842398244704+0j),(-0.191120617979+0.182130699014j),(-0.0784407003408-0.0359419227619j)],[(-0.191120617979-0.182130699014j),(0.827384242305+0j),(0.100255581807+0.251136478575j)],[(-0.0784407003408+0.0359419227619j),(0.100255581807-0.251136478575j),(0.0883759018738+0j)]]
RecvBeam:[[(0.0192161692203+0j),(0.1075521786+0.172441440211j),(-0.0366844930572+0.120951663535j)],[(0.1075521786-0.172441440211j),(2.14943506005+0j),(0.880085422839+1.00616684642j)],[(-0.0366844930572-0.120951663535j),(0.880085422839-1.00616684642j),(0.831347617846+0j)]]
UserOrder:[0, 1, 2]
2018-09-03 14:55:20,209 - InitFactory.py[line:130] - INFO: Channel : Hu:[[(-0.467714582452-0.0866902824593j),(-0.860815690007-0.82229327629j),(-0.233860042129-0.904654059247j)],[(-0.124889947223-1.46939507449j),(0.784668467288-0.0942405879597j),(-1.05697274596-0.288256361206j)],[(1.4789584915+0.192182244871j),(0.308623139949+0.336213340954j),(-0.284140954626+0.350062757534j)]]
Hd:[[(-16.4338152825-3.04598603972j),(-30.2459802892-28.8924406413j),(-8.21700429812-31.7863035749j)],[(-4.38818544537-51.6292802001j),(27.5704396083-3.31127673318j),(-37.1382366884-10.1282961271j)],[(51.9653044222+6.75259577373j),(10.8439117874+11.813332635j),(-9.98369547948+12.2999515312j)]]
Hsi:[[(-1.8358591425+0.787345779935j),(0.959400509408-0.558294284851j),(-1.03598477851-1.02573361563j)],[(1.03597590825-0.875874261957j),(-0.315771995009-0.311429418547j),(1.8778654605-0.908745586874j)],[(2.42446114494+0.319949134382j),(0.428622679859-0.570009916642j),(0.940704403352-0.209897334056j)]]
2018-09-03 14:55:30,621 - InitFactory.py[line:136] - INFO: flag: True, result: Time:[0.018840887525143082, 0.09716797576160462, 0.26545032219024417, 0.6185408145230081]
Throughput:[0.5961084227137694, 2.2372639350899544, 6.222018922240381]
SendBeam:[[(0.6909282567+0j),(0.178842815364+0.39739042664j),(0.0648393148172-0.139421483228j)],[(0.178842815364-0.39739042664j),(0.274853290926+0j),(-0.0634055993258-0.0733810692892j)],[(0.0648393148172+0.139421483228j),(-0.0634055993258+0.0733810692892j),(0.0342184503672+0j)]]
RecvBeam:[[(1.69218364091+0j),(0.579909754185+1.08582770724j),(0.78528039656-0.284738681195j)],[(0.579909754185-1.08582770724j),(0.895483075093+0j),(0.0864045678292-0.601471882372j)],[(0.78528039656+0.284738681195j),(0.0864045678292+0.601471882372j),(0.41233273701+0j)]]
UserOrder:[0, 1, 2]
2018-09-03 14:55:36,342 - InitFactory.py[line:141] - INFO: flag: True, result: Time:[0.055408784747018935, 0.36099699957187786, 0.30108572820116014, 0.28250848747994306]
Throughput:[2.7119768492811964, 2.711976849281196, 2.7119768492811955]
SendBeam:[[(0.749145501568+0j),(0.20064746937+0.376223336593j),(0.0427636829911-0.0655313232195j)],[(0.20064746937-0.376223336593j),(0.242681059844+0j),(-0.0214564419715-0.0390276504227j)],[(0.0427636829911+0.0655313232195j),(-0.0214564419715+0.0390276504227j),(0.00817343373596+0j)]]
RecvBeam:[[(1.02637902709+0j),(1.32102640631-0.110158041272j),(0.286257345207+0.431839378808j)],[(1.32102640631+0.110158041272j),(1.71208870603+0j),(0.322084000894+0.586534466635j)],[(0.286257345207-0.431839378808j),(0.322084000894-0.586534466635j),(0.261531260462+0j)]]
UserOrder:[0, 1, 2]
2018-09-03 14:55:36,555 - InitFactory.py[line:130] - INFO: Channel : Hu:[[(-1.69886408417+0.109658591328j),(0.699160333644+1.26155071814j),(-1.48312102252+0.126947068044j)],[(0.607600575846+1.12873645203j),(0.269648641717+0.475424811707j),(-1.02026438568-0.656815928948j)],[(-0.117798289268-0.2899630408j),(0.494287055379+1.17411675149j),(-0.446995010745-1.48139907158j)]]
Hd:[[(-59.6919993449+3.85301015112j),(24.565990044+44.3263739239j),(-52.1115608536+4.46046530331j)],[(21.3489080812+39.6597562941j),(9.47448750883+16.7047251239j),(-35.8484363812-23.0781593217j)],[(-4.13900998398-10.1882627355j),(17.3674768104+41.2542574853j),(-15.7058037409-52.051057665j)]]
Hsi:[[(0.155488995904-0.0637831200223j),(-0.540786416489+1.81401545028j),(-0.493009815316-0.72312147957j)],[(0.818551368521+0.611335194065j),(-0.30864181528+0.312023828329j),(-0.180739356415+0.52654703775j)],[(-0.292588130834+0.109317693775j),(-1.09659330153+1.80449377172j),(0.0458411057137-0.260250861706j)]]
2018-09-03 14:55:44,019 - InitFactory.py[line:136] - INFO: flag: True, result: Time:[0.02155406633215967, 0.13323815878483275, 0.32248862898854513, 0.5227191458944624]
Throughput:[0.9555189497952832, 2.9854660817218672, 5.414217105007465]
SendBeam:[[(0.173876828127+0j),(-0.110660418368-0.217058199109j),(0.236348651309+0.168591221589j)],[(-0.110660418368+0.217058199109j),(0.341391034779+0j),(-0.360879300182+0.187748059608j)],[(0.236348651309-0.168591221589j),(-0.360879300182-0.187748059608j),(0.484732136302+0j)]]
RecvBeam:[[(0.767945180355+0j),(1.20072621316-0.306821731168j),(-0.415360394277+0.0752765065185j)],[(1.20072621316+0.306821731168j),(2.00001304068+0j),(-0.679507155962-0.0482535082142j)],[(-0.415360394277-0.0752765065185j),(-0.679507155962+0.0482535082142j),(0.232038919575+0j)]]
UserOrder:[0, 1, 2]
2018-09-03 14:55:50,068 - InitFactory.py[line:141] - INFO: flag: True, result: Time:[0.051828037924038395, 0.3679110391854949, 0.2896474307581407, 0.29061349213232607]
Throughput:[2.9789196582029054, 2.978919658202905, 2.9789196582029054]
SendBeam:[[(0.192752530122+0j),(-0.106498098278-0.229160330073j),(0.259102344327+0.156871476031j)],[(-0.106498098278+0.229160330073j),(0.331286464755+0j),(-0.329659112958+0.221369147968j)],[(0.259102344327-0.156871476031j),(-0.329659112958-0.221369147968j),(0.475961002281+0j)]]
RecvBeam:[[(1.1934908156+0j),(1.10359868568+0.0315307704072j),(-0.907557608311+0.336814451527j)],[(1.10359868568-0.0315307704072j),(1.02132404526+0j),(-0.830298015642+0.335422449875j)],[(-0.907557608311-0.336814451527j),(-0.830298015642-0.335422449875j),(0.785181733304+0j)]]
UserOrder:[0, 1, 2]
2018-09-03 14:55:50,273 - InitFactory.py[line:130] - INFO: Channel : Hu:[[(0.600142508809+0.545540103526j),(-1.32704314952-0.751894738682j),(1.47020128085+1.63599965728j)],[(0.593930795649-1.05163230952j),(-1.44101359764+1.51626689665j),(-0.326814228786-0.42505849061j)],[(-2.18602161275+0.397466995795j),(0.40184449704-0.0325665091945j),(0.812323004641+0.589433366718j)]]
Hd:[[(21.0868583169+19.1683253567j),(-46.6275433979-26.4188881659j),(51.6576074042+57.4831685362j)],[(20.8686009641-36.950592879j),(-50.6320567535+53.2761881568j),(-11.4830814968-14.9350329902j)],[(-76.8089701182+13.9655666829j),(14.1193763983-1.14427049439j),(28.5421210046+20.7105774192j)]]
Hsi:[[(-0.0627912257183+0.974950224811j),(0.612511298167-1.07986625074j),(-0.626378538867-0.723631125289j)],[(-2.02195893005-0.640709506726j),(-0.0548861299887+0.199189444075j),(0.249517740563-0.593250315011j)],[(-0.982131525779+1.80886262052j),(-1.11873200245-1.52102656177j),(-0.99301900655+0.401336339819j)]]
2018-09-03 14:56:02,523 - InitFactory.py[line:136] - INFO: flag: True, result: Time:[0.01837976226431741, 0.12075516153000955, 0.3115026151779175, 0.5493624610277555]
Throughput:[0.9130961108557847, 3.0549035294930214, 6.056395721508057]
SendBeam:[[(0.422193522285+0j),(-0.443696627854+0.10087926968j),(0.0533139948615-0.184554721678j)],[(-0.443696627854-0.10087926968j),(0.490399103015+0j),(-0.100127034277+0.181215548741j)],[(0.0533139948615+0.184554721678j),(-0.100127034277-0.181215548741j),(0.0874073746808+0j)]]
RecvBeam:[[(1.24857358622+0j),(-1.17356008772+0.448170351374j),(-0.599809723339+0.498891835638j)],[(-1.17356008772-0.448170351374j),(1.26393394138+0j),(0.742850701367-0.253625556869j)],[(-0.599809723339-0.498891835638j),(0.742850701367+0.253625556869j),(0.487491576839+0j)]]
UserOrder:[0, 1, 2]
2018-09-03 14:56:09,306 - InitFactory.py[line:141] - INFO: flag: True, result: Time:[0.04660941234701432, 0.3572342179961393, 0.3005015913066109, 0.2956547783502355]
Throughput:[3.094696520146188, 3.094696520146188, 3.094696520146188]
SendBeam:[[(0.387516280438+0j),(-0.408276482604+0.0404053149395j),(0.211848306983-0.155387925398j)],[(-0.408276482604-0.0404053149395j),(0.43436182827+0j),(-0.239399458617+0.141623558035j)],[(0.211848306983+0.155387925398j),(-0.239399458617-0.141623558035j),(0.178121886173+0j)]]
RecvBeam:[[(1.14848898307+0j),(0.773866210938+1.16318715534j),(0.24377284512-0.339050204847j)],[(0.773866210938-1.16318715534j),(1.6996372265+0j),(-0.179105360081-0.475411852944j)],[(0.24377284512+0.339050204847j),(-0.179105360081+0.475411852944j),(0.151872542988+0j)]]
UserOrder:[0, 1, 2]
2018-09-03 14:56:09,503 - InitFactory.py[line:130] - INFO: Channel : Hu:[[(0.942133319237+0.759568325915j),(0.815488508092+0.176946822329j),(0.571247629714+0.595357673884j)],[(0.300485967596-0.657201299098j),(0.798886992157-0.307503469863j),(0.412796010311+1.04683278431j)],[(-0.373070658631-0.603918481376j),(0.120205281956-0.131820352916j),(-0.986961883352-0.197958632612j)]]
Hd:[[(33.1031905369+26.6885105379j),(28.6533454585+6.21727759211j),(20.0715957541+20.9187363548j)],[(10.5580006947-23.0916998486j),(28.0700276477-10.8045705908j),(14.5041733513+36.7819547527j)],[(-13.1083667717-21.2195324691j),(4.22358308628-4.63169507979j),(-34.678305724-6.95555735051j)]]
Hsi:[[(0.327678163907-0.608557444738j),(0.439997904823+0.910482579647j),(0.601102032468+0.898475989377j)],[(-0.23830150459-0.737059771698j),(-0.616865928889+0.867082552947j),(0.092307951239+0.183703423091j)],[(0.22959689322-1.74987930639j),(0.274836786912-0.079892839058j),(1.72984139157+0.290790134884j)]]
2018-09-03 14:56:20,650 - InitFactory.py[line:136] - INFO: flag: True, result: Time:[0.022007669939998906, 0.0968738522419459, 0.2402727782103946, 0.6408456996076606]
Throughput:[0.5212253165082905, 1.77740650941249, 5.886849638687381]
SendBeam:[[(0.362709234017+0j),(0.29064229411-0.0628139583735j),(0.322230081464+0.197232055039j)],[(0.29064229411+0.0628139583735j),(0.243772499374+0j),(0.224049338602+0.213847668181j)],[(0.322230081464-0.197232055039j),(0.224049338602-0.213847668181j),(0.393518266575+0j)]]
RecvBeam:[[(1.14182479152+0j),(1.41478834956-0.0897627958091j),(0.0222531719469-0.33390698883j)],[(1.41478834956+0.0897627958091j),(1.76009289097+0j),(0.0538265892945-0.411976028046j)],[(0.0222531719469+0.33390698883j),(0.0538265892945+0.411976028046j),(0.0980804275317+0j)]]
UserOrder:[0, 1, 2]
2018-09-03 14:56:27,634 - InitFactory.py[line:141] - INFO: flag: True, result: Time:[0.05551392805847816, 0.3454292895269641, 0.3027492980102825, 0.2963074844042753]
Throughput:[2.493396080516824, 2.493396080516824, 2.4933960805168236]
SendBeam:[[(0.326324934735+0j),(0.270541906913-0.074580631676j),(0.312273160607+0.20872767659j)],[(0.270541906913+0.074580631676j),(0.24133980347+0j),(0.211188070056+0.244416247313j)],[(0.312273160607-0.20872767659j),(0.211188070056-0.244416247313j),(0.432335260237+0j)]]
RecvBeam:[[(2.36947992911+0j),(0.216319555898+0.345418457059j),(-0.407488814151-1.07787701712j)],[(0.216319555898-0.345418457059j),(0.0701136430847+0j),(-0.194330866435-0.0389990982488j)],[(-0.407488814151+1.07787701712j),(-0.194330866435+0.0389990982488j),(0.560404465025+0j)]]
UserOrder:[0, 1, 2]
2018-09-03 14:56:27,872 - InitFactory.py[line:130] - INFO: Channel : Hu:[[(0.112944717021-0.168469878275j),(2.78733522781+0.389266203843j),(-1.14068114467+1.22306255173j)],[(0.439952188872-0.218533560027j),(-1.16666503019+0.751228984688j),(-1.09334345624-1.2832561046j)],[(0.1016624437+0.541334435719j),(-1.85429908269+1.77825589929j),(-0.433609296475-2.32895451628j)]]
Hd:[[(3.96847283855-5.91942813869j),(97.9369769146+13.6774202252j),(-40.0794500129+42.9740376037j)],[(15.4583442046-7.67848660966j),(-40.9924306876+26.395495955j),(-38.416173184-45.0890234652j)],[(3.57205416213+19.0205532528j),(-65.153428494+62.4815433821j),(-15.2354776832-81.8311204266j)]]
Hsi:[[(0.901931466952+0.0700452094168j),(0.0354794858376+0.316500360798j),(-0.507323064614+1.33121588506j)],[(-1.83563868374-0.60858051008j),(2.22716807817-1.34286923662j),(0.235809672576-0.41890319503j)],[(0.0667569114369-1.22259338019j),(-0.069214254022-1.03218434407j),(0.245804851894-0.140321722056j)]]
2018-09-03 14:56:39,289 - InitFactory.py[line:136] - INFO: flag: True, result: Time:[0.015089488955198238, 0.10837895783188217, 0.3234969686753198, 0.5530345845375998]
Throughput:[0.8865479827629996, 3.4938964653807076, 6.657285033076573]
SendBeam:[[(0.0113487242607+0j),(0.00760951381725+0.0818066598019j),(-0.061532201091-0.0261435156959j)],[(0.00760951381725-0.0818066598019j),(0.594801206005+0j),(-0.229712509804+0.426021893903j)],[(-0.061532201091+0.0261435156959j),(-0.229712509804-0.426021893903j),(0.393850068348+0j)]]
RecvBeam:[[(0.465532403849+0j),(-0.356550482841+0.226918817953j),(0.992580244494-0.126493609921j)],[(-0.356550482841-0.226918817953j),(0.383705464343+0j),(-0.821892024282-0.3869672917j)],[(0.992580244494+0.126493609921j),(-0.821892024282+0.3869672917j),(2.15075856573+0j)]]
UserOrder:[0, 1, 2]
2018-09-03 14:57:08,585 - InitFactory.py[line:141] - INFO: flag: True, result: Time:[0.040737885439878996, 0.35505419331606974, 0.2994915493785511, 0.3047163718655002]
Throughput:[3.449376599360032, 3.4493765993600314, 3.4493765993600314]
SendBeam:[[(0.013074482433+0j),(0.0290401913275+0.0833721553899j),(-0.0710465051907-0.00784465797007j)],[(0.0290401913275-0.0833721553899j),(0.596148165637+0j),(-0.207829475523+0.435623726335j)],[(-0.0710465051907+0.00784465797007j),(-0.207829475523-0.435623726335j),(0.390777283074+0j)]]
RecvBeam:[[(1.35683022285+0j),(-0.149548210932+0.103723031435j),(0.839197284079-1.2215231102j)],[(-0.149548210932-0.103723031435j),(0.0244131418244+0j),(-0.185876017122+0.070480679234j)],[(0.839197284079+1.2215231102j),(-0.185876017122-0.070480679234j),(1.61875550417+0j)]]
UserOrder:[0, 1, 2]
2018-09-03 14:57:08,805 - InitFactory.py[line:130] - INFO: Channel : Hu:[[(0.899822328897-0.270068812648j),(-0.345065971567+0.983545235206j),(-0.213015082641-0.531620117507j)],[(-0.300111005616-0.438141355602j),(1.01280186426-0.297697144009j),(-0.865697308361+0.972565728009j)],[(1.0293657121-0.408674314796j),(0.629334584931+1.14367891077j),(-1.04310830134-0.522250484994j)]]
Hd:[[(31.6165338755-9.4892508105j),(-12.1243823686+34.5582569451j),(-7.48458707905-18.6792269032j)],[(-10.5448258737-15.3947180091j),(35.586230106-10.4600114222j),(-30.4175028744+34.1724763859j)],[(36.1682243947-14.3593517329j),(22.1125633189+40.1847807771j),(-36.6510897606-18.3500115745j)]]
