2018-09-03 14:51:53,384 - InitFactory.py[line:130] - INFO: Channel : Hu:[[(0.537667139546+0.725404224946j),(0.862173320368-0.2049660583j),(-0.433592022306+1.4090344898j),(2.76943702988-1.20748692269j)],[(1.8338850146-0.0630548731897j),(0.318765239859-0.124144348216j),(0.342624466539+1.41719241343j),(-1.34988694016+0.717238651329j)],[(-2.258846861+0.714742903826j),(-1.30768829631+1.48969760779j),(3.57839693973+0.671497133608j),(3.03492346633+1.63023528916j)]]
Hd:[[(18.8916975999+25.4881063904j),(30.2936825577-7.20177319171j),(-15.2348707307+49.5084254389j),(97.3080983428-42.4267657839j)],[(64.4361512552-2.21552240947j),(11.2002688538-4.36198776667j),(12.0385966262+49.7950656572j),(-47.4301923846+25.201197379j)],[(-79.3677885144+25.1135057504j),(-45.9474831763+52.3426385056j),(125.732052241+23.594004272j),(106.636340866+57.280629286j)]]
Hsi:[[(0.488893770312-0.102242446085j),(0.293871467097-0.864879917324j),(-1.06887045817+1.09326566904j),(0.325190539456-1.21411704362j)],[(1.03469300992-0.241447041607j),(-0.787282803759-0.0300512961963j),(-0.809498694425+1.10927329761j),(-0.75492831917-1.11350074149j)],[(0.726885133383+0.319206739166j),(0.888395631758-0.164879019209j),(-2.94428416199-0.863652821989j),(1.3702985401-0.00684932810335j)],[(-0.303440924786+0.312858596637j),(-1.14707010697+0.627707287529j),(1.43838029282+0.0773590911304j),(-1.71151641885+1.53263030828j)]]
2018-09-03 14:52:02,430 - InitFactory.py[line:136] - INFO: flag: True, result: Time:[0.016932724856914827, 0.13107723544820288, 0.8084311353610555, 0.04355890433382685]
Throughput:[1.1430605563488196, 11.175015580556606, 0.5990533599754257]
SendBeam:[[(0.188979600852+0j),(0.0875562436085-0.0837639827575j),(-0.197459544889-0.0853638756755j),(-0.21909317142-0.210486881674j)],[(0.0875562436085+0.0837639827575j),(0.0776935770029+0j),(-0.0536481080393-0.127072649159j),(-0.00821123345496-0.194632422974j)],[(-0.197459544889+0.0853638756755j),(-0.0536481080393+0.127072649159j),(0.24487967906+0j),(0.324003301224+0.120965448705j)],[(-0.21909317142+0.210486881674j),(-0.00821123345496+0.194632422974j),(0.324003301224-0.120965448705j),(0.488447142549+0j)]]
RecvBeam:[[(0.652353902258+0j),(0.392959874607-0.352245254766j),(-0.681657137333-0.379716620744j),(-0.732050432198-0.872090588704j)],[(0.392959874607+0.352245254766j),(0.426927884661+0j),(-0.205585895272-0.596806917175j),(0.0299223732816-0.920625832273j)],[(-0.681657137333+0.379716620744j),(-0.205585895272+0.596806917175j),(0.933334191843+0j),(1.2725891521+0.485153442537j)],[(-0.732050432198+0.872090588704j),(0.0299223732816+0.920625832273j),(1.2725891521-0.485153442537j),(1.98738033314+0j)]]
UserOrder:[1, 2, 0]
2018-09-03 14:52:11,585 - InitFactory.py[line:141] - INFO: flag: True, result: Time:[0.03077624225050901, 0.32320695527915544, 0.3223804615613691, 0.3236363409089664]
Throughput:[3.717626330428926, 3.717626330428925, 3.7176263304289257]
SendBeam:[[(0.165623012697+0j),(0.0887377970366-0.0828094724162j),(-0.199206762511-0.0603207152293j),(-0.217590181653-0.18108782155j)],[(0.0887377970366+0.0828094724162j),(0.088947827916+0j),(-0.0765717434236-0.131919681938j),(-0.0260391868248-0.2058159883j)],[(-0.199206762511+0.0603207152293j),(-0.0765717434236+0.131919681938j),(0.26156950209+0j),(0.327664537813+0.138559990116j)],[(-0.217590181653+0.18108782155j),(-0.0260391868248+0.2058159883j),(0.327664537813-0.138559990116j),(0.483859653677+0j)]]
RecvBeam:[[(1.76943553452+0j),(0.873149841251-0.959239881304j),(-0.0612641492599+1.15853609893j),(0.282372646277-0.91575407505j)],[(0.873149841251+0.959239881304j),(0.950888240293+0j),(-0.658292983108+0.538482666338j),(0.635786085235-0.298812270614j)],[(-0.0612641492599-1.15853609893j),(-0.658292983108-0.538482666338j),(0.7606728901+0j),(-0.609365463568-0.153177088097j)],[(0.282372646277+0.91575407505j),(0.635786085235+0.298812270614j),(-0.609365463568+0.153177088097j),(0.519002973879+0j)]]
UserOrder:[0, 1, 2]
2018-09-03 14:52:11,819 - InitFactory.py[line:130] - INFO: Channel : Hu:[[(-0.769665913754-1.06158173332j),(1.11735613881+0.748076783704j),(0.552527021112-0.764849236568j),(0.0859311331754+0.48819390986j)],[(0.37137881276+2.350457224j),(-1.08906429505-0.192418510588j),(1.10061021788-1.40226896934j),(-1.49159031064-0.177375156619j)],[(-0.225584402271-0.615601881467j),(0.032557464165+0.888610425421j),(1.5442118955-1.42237592509j),(-0.74230183726-0.196053487807j)]]
Hd:[[(-27.0433036095-37.3001799969j),(39.2598928469+26.2847389022j),(19.4138206167-26.8740628244j),(3.01931225282+17.1533854998j)],[(13.0489213672+82.5866485627j),(-38.2658187859-6.76089730485j),(38.6715011618-49.270709281j),(-52.409141305-6.23232772494j)],[(-7.92622795316-21.6300453036j),(1.14395268445+31.2225877433j),(54.2580753302-49.977195692j),(-26.0818279674-6.88861738546j)]]
Hsi:[[(1.41931015064-0.082494425371j),(-0.80446595635+0.840375529754j),(0.215670086404+0.303520794649j),(0.722254032225+1.71188778298j)],[(0.291584373984-1.93302291785j),(0.69662441585-0.888032082329j),(-1.16584393148-0.600326562134j),(2.58549125262-0.194123535758j)],[(0.197811053464-0.438966153935j),(0.835088165073+0.100092833139j),(-1.1479527789+0.489965321174j),(-0.666890670701-2.13835526944j)],[(1.58769908997-1.79467884146j),(-0.243715140378-0.544528929991j),(0.104874716016+0.739363123604j),(0.187331024579-0.839588747337j)]]
2018-09-03 14:52:24,596 - InitFactory.py[line:136] - INFO: flag: True, result: Time:[0.011200459620610205, 0.05662912294310573, 0.23677601740770962, 0.6953944000285744]
Throughput:[0.34106039948110856, 2.2538879556211042, 8.222502968661347]
SendBeam:[[(0.211629416112+0j),(-0.0246470669686+0.167633569661j),(-0.0394775036035-0.292157697036j),(-0.119689590846+0.192077385636j)],[(-0.0246470669686-0.167633569661j),(0.135654543303+0j),(-0.226823066527+0.0652961454206j),(0.16608567936+0.0724372327685j)],[(-0.0394775036035+0.292157697036j),(-0.226823066527-0.0652961454206j),(0.410692405067+0j),(-0.242838834947-0.201063594212j)],[(-0.119689590846-0.192077385636j),(0.16608567936-0.0724372327685j),(-0.242838834947+0.201063594212j),(0.242023635366+0j)]]
RecvBeam:[[(0.342542214288+0j),(0.270492799465-0.169954833801j),(-0.282328202918-0.901363736059j),(-0.160640929325+0.482445757946j)],[(0.270492799465+0.169954833801j),(0.297933434383+0j),(0.224263306558-0.851885983091j),(-0.36622696265+0.301282496372j)],[(-0.282328202918+0.901363736059j),(0.224263306558+0.851885983091j),(2.60465946243+0j),(-1.13715209828-0.820378556166j)],[(-0.160640929325-0.482445757946j),(-0.36622696265-0.301282496372j),(-1.13715209828+0.820378556166j),(0.754862399821+0j)]]
UserOrder:[0, 1, 2]
2018-09-03 14:52:31,256 - InitFactory.py[line:141] - INFO: flag: True, result: Time:[0.044506903489440364, 0.3323805572182172, 0.3098620440298381, 0.31325049526250437]
Throughput:[2.8149344781389054, 2.814934478138905, 2.814934478138905]
SendBeam:[[(0.326506570984+0j),(-0.0371850087922+0.197794846524j),(-0.157845052693-0.29393956695j),(-0.116175031469+0.233628624502j)],[(-0.0371850087922-0.197794846524j),(0.124057308484+0j),(-0.1600894646+0.129097198227j),(0.154761074726+0.0437704517852j)],[(-0.157845052693+0.29393956695j),(-0.1600894646-0.129097198227j),(0.340928914781+0j),(-0.154162420084-0.217531797534j)],[(-0.116175031469-0.233628624502j),(0.154761074726-0.0437704517852j),(-0.154162420084+0.217531797534j),(0.208507205515+0j)]]
RecvBeam:[[(1.46354227117+0j),(-0.543237253752-0.811086209159j),(0.219009553981+1.45487503074j),(0.0518969931706-0.769351753262j)],[(-0.543237253752+0.811086209159j),(0.651138857389+0j),(-0.887575630672-0.418648687649j),(0.407105478708+0.314329738614j)],[(0.219009553981-1.45487503074j),(-0.887575630672+0.418648687649j),(1.47904115659+0j),(-0.757032516575-0.166719746045j)],[(0.0518969931706+0.769351753262j),(0.407105478708-0.314329738614j),(-0.757032516575+0.166719746045j),(0.406276528411+0j)]]
UserOrder:[0, 1, 2]
2018-09-03 14:52:31,492 - InitFactory.py[line:130] - INFO: Channel : Hu:[[(1.354594328-0.468615581101j),(0.124049800003-0.277871932788j),(-0.197698225974-0.353849997774j),(0.825218894228+0.507974650906j)],[(-1.07215528838-0.27246940925j),(1.43669662272+0.701541458163j),(-1.20784548526-0.823586525157j),(1.37897197792+0.281984063671j)],[(0.960953869741+1.09842461789j),(-1.96089999937-2.05181629991j),(2.90800803073-1.5770570228j),(-1.05818025799+0.0334798822445j)]]
Hd:[[(47.5955931338-16.465473148j),(4.35866568109-9.76342450491j),(-6.94640759392-12.433021589j),(28.9952363774+17.8484098944j)],[(-37.6716968521-9.57359917723j),(50.4803737163+24.6496542315j),(-42.4393643886-28.9378807747j),(48.4521364418+9.90791005632j)],[(33.7644772748+38.5947070059j),(-68.8990029091-72.0934760886j),(102.176987013-55.4121354668j),(-37.1806643363+1.17636315207j)]]
Hsi:[[(-1.33367794343-0.0347710860285j),(0.0228897927516-0.714530163787j),(-0.831366511568-0.293753597735j),(-2.00263573588+1.65549759289j)],[(1.12749227834-0.798163584564j),(-0.261995434966+1.35138576843j),(-0.979206305167-0.847926243638j),(0.964229422632+0.307535159238j)],[(0.350179410603+1.01868528213j),(-1.75021236845-0.224771056053j),(-1.15640165566-1.12012830124j),(0.520060101455-1.25711835935j)],[(-0.299066030333-0.133217479508j),(-0.285650971595-0.589029030721j),(-0.533557109316+2.52599969212j),(-0.0200278516425-0.865468030555j)]]
2018-09-03 14:52:43,473 - InitFactory.py[line:136] - INFO: flag: True, result: Time:[0.007463312254347737, 0.03566989274719079, 0.19618135045416515, 0.7606854445442963]
Throughput:[0.20541199308059446, 2.0231364383203134, 10.262478700241113]
SendBeam:[[(0.134393348475+0j),(-0.210411823018+0.00681566008023j),(0.112421110634-0.214285617777j),(-0.0777738930555+0.0860612594732j)],[(-0.210411823018-0.00681566008023j),(0.329775270296+0j),(-0.186878567845+0.329793198423j),(0.126130602131-0.130796882923j)],[(0.112421110634+0.214285617777j),(-0.186878567845-0.329793198423j),(0.435712397733+0j),(-0.202280299738-0.05201688923j)],[(-0.0777738930555-0.0860612594732j),(0.126130602131+0.130796882923j),(-0.202280299738+0.05201688923j),(0.100118975826+0j)]]
RecvBeam:[[(0.559243818373+0j),(-0.886085208256+0.0415947587711j),(0.454110725793-0.849917170482j),(-0.291401079005+0.351926368368j)],[(-0.886085208256-0.0415947587711j),(1.40703893907+0j),(-0.782723503733+1.31286388469j),(0.4878816227-0.535931320303j)],[(0.454110725793+0.849917170482j),(-0.782723503733-1.31286388469j),(1.66041474632+0j),(-0.771464794581-0.15709306893j)],[(-0.291401079005-0.351926368368j),(0.4878816227+0.535931320303j),(-0.771464794581+0.15709306893j),(0.37330240468+0j)]]
UserOrder:[0, 1, 2]
2018-09-03 14:52:50,592 - InitFactory.py[line:141] - INFO: flag: True, result: Time:[0.03168012097799827, 0.3041427306433517, 0.31966936280211844, 0.3445077855765316]
Throughput:[3.2240617466816106, 3.2240617466816106, 3.2240617466816106]
SendBeam:[[(0.120949042888+0j),(-0.205680591488+0.000439491640956j),(0.11456441805-0.198068817324j),(-0.0759948540593+0.0767084833323j)],[(-0.205680591488-0.000439491640956j),(0.349772916307+0j),(-0.195542904837+0.336410779717j),(0.129512222735-0.130170911826j)],[(0.11456441805+0.198068817324j),(-0.195542904837-0.336410779717j),(0.432878688363+0j),(-0.197602762992-0.0517916300963j)],[(-0.0759948540593-0.0767084833323j),(0.129512222735+0.130170911826j),(-0.197602762992+0.0517916300963j),(0.096399352107+0j)]]
RecvBeam:[[(3.39491620114+0j),(-0.0798224736067+0.739250208968j),(0.155215095969-0.358538540521j),(1.02524417936+0.545489058418j)],[(-0.0798224736067-0.739250208968j),(0.162851619453+0j),(-0.0817224482318-0.025367833937j),(0.0946764043415-0.236075802653j)],[(0.155215095969+0.358538540521j),(-0.0817224482318+0.025367833937j),(0.0449640717578+0j),(-0.0107348659683+0.133216334858j)],[(1.02524417936-0.545489058418j),(0.0946764043415+0.236075802653j),(-0.0107348659683-0.133216334858j),(0.397267501853+0j)]]
UserOrder:[0, 1, 2]
2018-09-03 14:52:50,828 - InitFactory.py[line:130] - INFO: Channel : Hu:[[(-0.176534114231-1.36169447087j),(-2.32986715581-0.334886938964j),(0.391353604433-1.11763868327j),(0.183689095862-0.0678655535427j)],[(0.791416061629+0.455029556444j),(-1.44909729284+0.552783345945j),(0.451679418928+1.26065870912j),(-0.476153016619-0.195221197899j)],[(-1.33200442132-0.848709379934j),(0.333510833066+1.0390906535j),(-0.130284653146+0.660143141047j),(0.862021611557-0.217606350143j)]]
Hd:[[(-6.20277650769-47.8450667245j),(-81.8631873107-11.7667276196j),(13.7507640058-39.269820447j),(6.45417693623-2.38455248737j)],[(27.8075259065+15.9881089007j),(-50.9160888506+19.4228269533j),(15.8703970671+44.2950319217j),(-16.7303116364-6.85937369896j)],[(-46.8018647197-29.8206079127j),(11.718376187+36.5099240052j),(-4.57773609006+23.1950656383j),(30.2883520534-7.64590777521j)]]
Hsi:[[(-0.303107621352-0.162337672804j),(1.52697668673-0.87572934616j),(0.183227263001-0.192239517539j),(0.135174942099-1.06421341289j)],[(0.0230456244251-0.146054634332j),(0.466914435685-0.48381505011j),(-1.02976754357-0.274070229933j),(0.515246335525+1.60345729812j)],[(0.0512903558488-0.532011376809j),(-0.209713338389-0.712004549027j),(0.949221831131+1.53007251442j),(0.261406324055+1.23467914689j)],[(0.826062790212+1.68210359466j),(0.625190357088-1.17421233146j),(0.307061919147-0.249024742514j),(-0.941485770955-0.229626450963j)]]
2018-09-03 14:53:03,184 - InitFactory.py[line:136] - INFO: flag: True, result: Time:[0.011564738835786771, 0.060888557869992914, 0.2411252586925671, 0.6864214446016532]
Throughput:[0.3799298194787695, 2.3104036798788123, 8.081316485146123]
SendBeam:[[(0.273708743713+0j),(-0.144749208471-0.397754882035j),(0.124648533443-0.00847384471454j),(-0.0546461460693+0.0321825159511j)],[(-0.144749208471+0.397754882035j),(0.65456909996+0j),(-0.0536053848213+0.185621200265j),(-0.0178685085248-0.0964315777974j)],[(0.124648533443+0.00847384471454j),(-0.0536053848213-0.185621200265j),(0.057028008335+0j),(-0.0258825183747+0.0129642964331j)],[(-0.0546461460693-0.0321825159511j),(-0.0178685085248+0.0964315777974j),(-0.0258825183747-0.0129642964331j),(0.0146941466089+0j)]]
RecvBeam:[[(0.661582807201+0j),(-0.541117317478-1.27220490552j),(0.365674214891-0.16842978264j),(-0.367709811634+0.00483504275897j)],[(-0.541117317478+1.27220490552j),(2.88900764861+0j),(0.0247958136651+0.840942849852j),(0.291456386282-0.711050492511j)],[(0.365674214891+0.16842978264j),(0.0247958136651-0.840942849852j),(0.244999281393+0j),(-0.204474228187-0.0909407620343j)],[(-0.367709811634-0.00483504275897j),(0.291456386282+0.711050492511j),(-0.204474228187+0.0909407620343j),(0.204409949764+0j)]]
UserOrder:[0, 1, 2]
2018-09-03 14:53:10,625 - InitFactory.py[line:141] - INFO: flag: True, result: Time:[0.04604174703801922, 0.3524582754341054, 0.30346534822217025, 0.2980346293057051]
Throughput:[3.0504240775107463, 3.0504240775107467, 3.0504240775107463]
SendBeam:[[(0.280409151283+0j),(-0.15366213066-0.399062643404j),(0.122452585071-0.00933959994977j),(-0.0531298056807+0.0318141008623j)],[(-0.15366213066+0.399062643404j),(0.652129469466+0j),(-0.0538115194887+0.179385709276j),(-0.0161612963694-0.0930452583171j)],[(0.122452585071+0.00933959994977j),(-0.0538115194887-0.179385709276j),(0.0537852262107+0j),(-0.0242610125755+0.0121233805764j)],[(-0.0531298056807-0.0318141008623j),(-0.0161612963694+0.0930452583171j),(-0.0242610125755-0.0121233805764j),(0.0136761462177+0j)]]
RecvBeam:[[(0.621782069684+0j),(-1.06013802207+0.424723669106j),(0.407877633786+0.552624159353j),(-0.516292225903-0.240587310976j)],[(-1.06013802207-0.424723669106j),(2.09768466971+0j),(-0.317944860528-1.22085336415j),(0.715942001745+0.762872066154j)],[(0.407877633786-0.552624159353j),(-0.317944860528+1.22085336415j),(0.758738837395+0j),(-0.55251077054+0.301051793975j)],[(-0.516292225903+0.240587310976j),(0.715942001745-0.762872066154j),(-0.55251077054-0.301051793975j),(0.52179286761+0j)]]
UserOrder:[0, 1, 2]
2018-09-03 14:53:10,851 - InitFactory.py[line:130] - INFO: Channel : Hu:[[(-1.50615970398+0.0124690413616j),(0.276068253932+1.24244840639j),(0.391894209432+0.350321001356j),(-0.74110609394-1.56505601415j)],[(-0.444627816447-3.0291773414j),(-0.261163645776-1.06670139898j),(-1.25067890683-0.0290057637087j),(-0.507817550278-0.0845394798177j)],[(-0.155941035725-0.457014640872j),(0.443421912904+0.933728162671j),(-0.947960922331+0.182452167506j),(-0.3205755066+1.6039463506j)]]
Hd:[[(-52.921057606+0.438117454906j),(9.70004968988+43.6551871049j),(13.7697589293+12.3090252942j),(-26.0398138298-54.9904630051j)],[(-15.6226290116-106.434442616j),(-9.17635514097-37.480066712j),(-43.9443774122-1.01915865102j),(-17.842889941-2.97041453811j)],[(-5.47920948418-16.0578576578j),(15.5802578801+32.8078634387j),(-33.3079516378+6.41071570393j),(-11.2638751435+56.3569301402j)]]
Hsi:[[(0.0983477746401+0.42271569122j),(0.232347012624+0.0661900484246j),(2.0236908866+1.00607711082j),(1.00006081959-1.32178852139j)],[(0.0413736134896-1.67020069785j),(0.426387557409+0.652355888661j),(-2.2583539705-0.650907736598j),(-1.66416447499+0.924825933494j)],[(-0.734169112697+0.471634326416j),(-0.372808741724+0.327059967177j),(2.22944568046+0.257056157434j),(-0.590034564205+4.98490752508e-05j)],[(-0.0308137300123-1.21284719967j),(-0.236454583757+1.08263350424j),(0.337563700613-0.944377806404j),(-0.278064163765-0.0549189146094j)]]
2018-09-03 14:53:26,273 - InitFactory.py[line:136] - INFO: flag: True, result: Time:[0.010189120272797288, 0.03064333968815585, 0.22205387317671038, 0.7371136668623365]
Throughput:[0.11889454893443309, 2.0841959811006037, 8.986980192661024]
SendBeam:[[(0.780102058781+0j),(0.156037391747-0.175959989437j),(-0.0272765007727-0.334104828743j),(-0.0179952151479+0.0594919268612j)],[(0.156037391747+0.175959989437j),(0.0709004892719+0j),(0.0699048516294-0.0729807231592j),(-0.0170184417996+0.00784069887048j)],[(-0.0272765007727+0.334104828743j),(0.0699048516294+0.0729807231592j),(0.144045328065+0j),(-0.0248502046244-0.00978719495014j)],[(-0.0179952151479-0.0594919268612j),(-0.0170184417996-0.00784069887048j),(-0.0248502046244+0.00978719495014j),(0.00495211522652+0j)]]
RecvBeam:[[(2.65390669218+0j),(1.34608813816-0.561292795104j),(-0.276998616981-0.738714020595j),(0.57708810501+0.699957634346j)],[(1.34608813816+0.561292795104j),(0.801461171213+0j),(0.0157391866531-0.433267650679j),(0.144665970205+0.477077550183j)],[(-0.276998616981+0.738714020595j),(0.0157391866531+0.433267650679j),(0.234532584672+0j),(-0.255065267247+0.0875749276496j)],[(0.57708810501-0.699957634346j),(0.144665970205-0.477077550183j),(-0.255065267247-0.0875749276496j),(0.310099532697+0j)]]
UserOrder:[0, 1, 2]
2018-09-03 14:53:33,405 - InitFactory.py[line:141] - INFO: flag: True, result: Time:[0.0448597152953224, 0.3357465007179801, 0.2763169794508867, 0.3430768045358108]
Throughput:[2.8483038809807013, 2.8483038809807018, 2.8483038809807013]
SendBeam:[[(0.775166626808+0j),(0.195784514165-0.173439613825j),(0.000440393584778-0.319010148109j),(0.0218979488935+0.06019313869j)],[(0.195784514165+0.173439613825j),(0.0882557247278+0j),(0.0714881481785-0.0804741321557j),(-0.00793712565319+0.0201025840422j)],[(0.000440393584778+0.319010148109j),(0.0714881481785+0.0804741321557j),(0.131284904348+0j),(-0.0247592892017+0.00904603193005j)],[(0.0218979488935-0.06019313869j),(-0.00793712565319-0.0201025840422j),(-0.0247592892017-0.00904603193005j),(0.0052927388769+0j)]]
RecvBeam:[[(0.0985944305146+0j),(-0.0469130346166-0.00647496782532j),(-0.0263694044593+0.285318368977j),(-0.103260461826+0.538179364333j)],[(-0.0469130346166+0.00647496782532j),(0.0227509214101+0j),(-0.00618866407563-0.137500185972j),(0.0137933285518-0.262871114795j)],[(-0.0263694044593-0.285318368977j),(-0.00618866407563+0.137500185972j),(0.832753192355+0j),(1.58508178468+0.154893403046j)],[(-0.103260461826-0.538179364333j),(0.0137933285518+0.262871114795j),(1.58508178468-0.154893403046j),(3.04590049937+0j)]]
UserOrder:[0, 1, 2]
2018-09-03 14:53:33,644 - InitFactory.py[line:130] - INFO: Channel : Hu:[[(0.911127265654+1.02049801445j),(1.2502512283-0.0708372131605j),(-0.690361103111-2.19243491997j),(-1.61183038868-0.948480983571j)],[(0.594583697409+0.861716302393j),(0.929789458558-2.4862839207j),(-0.65155364175-2.31928030664j),(-0.0244619366359+0.411490621423j)],[(0.350201173875+0.00116208348351j),(0.239763257059+0.581172322676j),(1.19210187053+0.0799337102984j),(-1.9488471769+0.676977805684j)]]
Hd:[[(32.0137488639+35.8566452594j),(43.9293503207-2.48896596318j),(-24.256816598-77.0343107642j),(-56.6339470011-33.3262247271j)],[(20.8915415935+30.2776245829j),(32.6694714829-87.3591122142j),(-22.8932613968-81.4912033485j),(-0.859504841647+14.4583066611j)],[(12.3048149856+0.0408314515463j),(8.42442212806+20.420313919j),(41.8861901536+2.80858429301j),(-68.4755098954+23.7865754594j)]]
Hsi:[[(0.857732545205-1.01494364268j),(0.82606999847+0.301818555261j),(-0.147201456151-2.13209459916j),(-1.27059444981-0.253944683423j)],[(-0.691159125383-0.471069912683j),(0.536157079926+0.399930942956j),(1.00777340531+1.14536171052j),(-0.382584802708-1.42864686463j)],[(0.449377623167+0.13702487413j),(0.897888425985-0.92996155894j),(-2.12365546242-0.629090760994j),(0.648679262049-0.0208576177016j)],[(0.100633350315-0.291863375754j),(-0.131937867925-0.176830265929j),(-0.504586405514-1.203849974j),(0.825727149242-0.560664996528j)]]
2018-09-03 14:53:47,762 - InitFactory.py[line:136] - INFO: flag: True, result: Time:[0.010012495301884056, 0.06369833331489086, 0.26935651507583824, 0.6569326563073868]
Throughput:[0.4686548749590006, 2.9657556520539328, 8.492462916968659]
SendBeam:[[(0.0886386243376+0j),(-0.0247175221704-0.186143969721j),(-0.180330376938-0.0975488589948j),(-0.0101003716524+0.0581756544753j)],[(-0.0247175221704+0.186143969721j),(0.397801183773+0j),(0.255142272846-0.351497537917j),(-0.119354228348-0.0374338027523j)],[(-0.180330376938+0.0975488589948j),(0.255142272846+0.351497537917j),(0.474227147557+0j),(-0.0434750096681-0.129470881662j)],[(-0.0101003716524-0.0581756544753j),(-0.119354228348+0.0374338027523j),(-0.0434750096681+0.129470881662j),(0.0393330364248+0j)]]
RecvBeam:[[(0.481151027806+0j),(0.142592062932-0.749306072261j),(-0.0860062399921-1.03130467145j),(-0.124854677274+0.157234115661j)],[(0.142592062932+0.749306072261j),(1.20917455541+0j),(1.58058923713-0.439573123333j),(-0.281866427174-0.147841048764j)],[(-0.0860062399921+1.03130467145j),(1.58058923713+0.439573123333j),(2.225890109+0j),(-0.31470151588-0.295720253775j)],[(-0.124854677274-0.157234115661j),(-0.281866427174+0.147841048764j),(-0.31470151588+0.295720253775j),(0.0837838201039+0j)]]
UserOrder:[0, 1, 2]
2018-09-03 14:54:01,096 - InitFactory.py[line:141] - INFO: flag: True, result: Time:[0.03980337012087898, 0.35387990164550276, 0.29560433168162403, 0.3107123965519943]
Throughput:[3.5008297132364237, 3.5008297132364237, 3.500829713236424]
SendBeam:[[(0.102866763243+0j),(-0.00899384603888-0.186554745346j),(-0.200185091166-0.104660750351j),(-0.0264604291585+0.0753213826967j)],[(-0.00899384603888+0.186554745346j),(0.33911476087+0j),(0.207311005329-0.353897165865j),(-0.134286314587-0.0545731091836j)],[(-0.200185091166+0.104660750351j),(0.207311005329+0.353897165865j),(0.496059616487+0j),(-0.0251413437426-0.173502378395j)],[(-0.0264604291585-0.0753213826967j),(-0.134286314587+0.0545731091836j),(-0.0251413437426+0.173502378395j),(0.0619588049242+0j)]]
RecvBeam:[[(0.246341564172+0j),(0.211760620277+0.1005576945j),(0.334030889732-0.184696379642j),(-0.716689457725+0.458685423577j)],[(0.211760620277-0.1005576945j),(0.223082602099+0j),(0.211747125704-0.295122051131j),(-0.428845477757+0.686852466882j)],[(0.334030889732+0.184696379642j),(0.211747125704+0.295122051131j),(0.591413720619+0j),(-1.31571239304+0.0846201416842j)],[(-0.716689457725-0.458685423577j),(-0.428845477757-0.686852466882j),(-1.31571239304-0.0846201416842j),(2.93916194456+0j)]]
UserOrder:[0, 1, 2]
2018-09-03 14:54:01,331 - InitFactory.py[line:130] - INFO: Channel : Hu:[[(2.17777870918+0.664734120628j),(0.441326931728+0.323213137848j),(0.164404073319+1.85859294856j),(1.57630014655+0.563166955146j)],[(1.13846538733+0.0851885927212j),(-1.39813787581-0.784146183664j),(0.747734028808-0.604530088774j),(-0.480937151779+0.113596996734j)],[(-2.49688650318+0.880952785381j),(-0.255055179881-1.80537335139j),(-0.273046949403+0.103359722311j),(0.32751212083-0.904726212798j)]]
Hd:[[(76.5193440094+23.3563762179j),(15.5066477448+11.3565520588j),(5.77657031441+65.3042995618j),(55.385541546+19.7876697911j)],[(40.0015962359+2.9932220407j),(-49.1255574501-27.5520884323j),(26.2726957228-21.2410221626j),(-16.8984090113+3.99139161149j)],[(-87.7316489888+30.9535256986j),(-8.96172552719-63.4343535261j),(-9.59389186971+3.6316904536j),(11.5076029237-31.7888387922j)]]
Hsi:[[(-0.467714582452-0.288256361206j),(0.784668467288+2.42446114494j),(-0.284140954626-1.03598477851j),(-0.82229327629-0.875874261957j)],[(-0.124889947223+0.350062757534j),(0.308623139949+0.959400509408j),(-0.0866902824593+1.8778654605j),(-0.0942405879597+0.319949134382j)],[(1.4789584915-1.8358591425j),(-0.233860042129-0.315771995009j),(-1.46939507449+0.940704403352j),(0.336213340954-0.558294284851j)],[(-0.860815690007+1.03597590825j),(-1.05697274596+0.428622679859j),(0.192182244871+0.787345779935j),(-0.904654059247-0.311429418547j)]]
2018-09-03 14:54:16,065 - InitFactory.py[line:136] - INFO: flag: True, result: Time:[0.010823288353493589, 0.05494751997664651, 0.3180562585075983, 0.6161729331622616]
Throughput:[0.33320295516339044, 3.466659813978682, 7.7061763616509245]
SendBeam:[[(0.735433154357+0j),(-0.0578575026371+0.298343737909j),(0.118506231385+0.187854702785j),(0.055931486174+0.2230542029j)],[(-0.0578575026371-0.298343737909j),(0.125581109831+0j),(0.0668841430408-0.0628533164862j),(0.086086390001-0.0402377581245j)],[(0.118506231385-0.187854702785j),(0.0668841430408+0.0628533164862j),(0.0670803932579+0j),(0.065988326193+0.0216556946298j)],[(0.055931486174-0.2230542029j),(0.086086390001+0.0402377581245j),(0.065988326193-0.0216556946298j),(0.0719053283699+0j)]]
RecvBeam:[[(2.80844104789+0j),(-0.150433605591+1.39194592273j),(0.532618120036+0.967543485216j),(0.342432904583+0.221787739835j)],[(-0.150433605591-1.39194592273j),(0.69794838268+0j),(0.451013405476-0.315807729471j),(0.0915821174524-0.1815994918j)],[(0.532618120036-0.967543485216j),(0.451013405476+0.315807729471j),(0.43434201834+0j),(0.141351097181-0.075910445706j)],[(0.342432904583-0.221787739835j),(0.0915821174524+0.1815994918j),(0.141351097181+0.075910445706j),(0.0592683567397+0j)]]
UserOrder:[0, 1, 2]
2018-09-03 14:54:56,005 - InitFactory.py[line:141] - INFO: flag: True, result: Time:[0.03973566064409273, 0.3399659257041307, 0.27289255281207153, 0.347405860839705]
Throughput:[3.249094510929117, 3.2490945109291167, 3.249094510929117]
SendBeam:[[(0.708233123439+0j),(-0.0280910721999+0.319828603764j),(0.104480872725+0.2149876146j),(0.107387859279+0.186792511923j)],[(-0.0280910721999-0.319828603764j),(0.1455445118+0j),(0.0929414435861-0.0557093461719j),(0.0800936108679-0.0559037832784j)],[(0.104480872725-0.2149876146j),(0.0929414435861+0.0557093461719j),(0.0806738986377+0j),(0.0725439860347-0.00504186391439j)],[(0.107387859279-0.186792511923j),(0.0800936108679+0.0559037832784j),(0.0725439860347+0.00504186391439j),(0.0655484661058+0j)]]
RecvBeam:[[(0.977931310436+0j),(-1.4193888335-0.259510655683j),(0.143146378873+0.363006129229j),(0.634460563075-0.564400094938j)],[(-1.4193888335+0.259510655683j),(2.12900318865+0j),(-0.304096276091-0.488889039652j),(-0.771096921704+0.987549800343j)],[(0.143146378873-0.363006129229j),(-0.304096276091+0.488889039652j),(0.155701864061+0j),(-0.116633125774-0.318125551205j)],[(0.634460563075+0.564400094938j),(-0.771096921704-0.987549800343j),(-0.116633125774+0.318125551205j),(0.737363108125+0j)]]
UserOrder:[0, 1, 2]
2018-09-03 14:54:56,224 - InitFactory.py[line:130] - INFO: Channel : Hu:[[(-0.570009916642-0.446995010745j),(-0.209897334056-0.2899630408j),(-0.117798289268+1.17411675149j),(0.494287055379-1.48139907158j)],[(-1.02573361563+0.109658591328j),(-1.69886408417+1.26155071814j),(0.699160333644+0.126947068044j),(-1.48312102252+0.155488995904j)],[(-0.908745586874+1.12873645203j),(0.607600575846+0.475424811707j),(0.269648641717-0.656815928948j),(-1.02026438568+0.818551368521j)]]
Hd:[[(-20.0281069497-15.7058037409j),(-7.37504056014-10.1882627355j),(-4.13900998398+41.2542574853j),(17.3674768104-52.051057665j)],[(-36.0406055332+3.85301015112j),(-59.6919993449+44.3263739239j),(24.565990044+4.46046530331j),(-52.1115608536+5.46332642388j)],[(-31.9300652017+39.6597562941j),(21.3489080812+16.7047251239j),(9.47448750883-23.0781593217j),(-35.8484363812+28.7609634042j)]]
Hsi:[[(-0.292588130834+0.600142508809j),(-0.493009815316-1.44101359764j),(0.611335194065+0.812323004641j),(1.80449377172-0.751894738682j)],[(-0.540786416489+0.593930795649j),(-0.180739356415+0.40184449704j),(0.109317693775+0.545540103526j),(-0.72312147957+1.51626689665j)],[(-0.30864181528-2.18602161275j),(0.0458411057137+1.47020128085j),(1.81401545028-1.05163230952j),(0.52654703775-0.0325665091945j)],[(-1.09659330153-1.32704314952j),(-0.0637831200223-0.326814228786j),(0.312023828329+0.397466995795j),(-0.260250861706+1.63599965728j)]]
2018-09-03 14:55:05,267 - InitFactory.py[line:136] - INFO: flag: True, result: Time:[0.016051462061140026, 0.1243832783148229, 0.25113075504309523, 0.6084345045809418]
Throughput:[1.0878472961714767, 2.6456846838986863, 7.356303489476342]
SendBeam:[[(0.200001027935+0j),(0.19235420836-0.16323382176j),(-0.142349174429-0.0188578371858j),(0.270691932373+0.0496201634385j)],[(0.19235420836+0.16323382176j),(0.318225485477+0j),(-0.121515505919-0.134317233009j),(0.21984409609+0.268652253722j)],[(-0.142349174429+0.0188578371858j),(-0.121515505919+0.134317233009j),(0.103094003905+0j),(-0.19734150264-0.00979357277515j)],[(0.270691932373-0.0496201634385j),(0.21984409609-0.268652253722j),(-0.19734150264+0.00979357277515j),(0.378679481379+0j)]]
RecvBeam:[[(0.889561591432+0j),(0.978529356491-0.110009460584j),(-0.462703626879-0.186821081714j),(1.0612233391+0.649699300251j)],[(0.978529356491+0.110009460584j),(1.090000062+0j),(-0.485876840984-0.262726446498j),(1.08701301185+0.845916488628j)],[(-0.462703626879+0.186821081714j),(-0.485876840984+0.262726446498j),(0.279910858286+0j),(-0.688440167376-0.115067772571j)],[(1.0612233391-0.649699300251j),(1.08701301185-0.845916488628j),(-0.688440167376+0.115067772571j),(1.74052719636+0j)]]
UserOrder:[0, 1, 2]
2018-09-03 14:55:12,992 - InitFactory.py[line:141] - INFO: flag: True, result: Time:[0.04045459844431348, 0.3566677306711816, 0.30566799571010755, 0.2972096751743974]
Throughput:[3.50168704652425, 3.5016870465242502, 3.50168704652425]
SendBeam:[[(0.200433064728+0j),(0.185034222063-0.136866659479j),(-0.160916347488-0.0335011403914j),(0.271403656317+0.081321045621j)],[(0.185034222063+0.136866659479j),(0.26427854611+0j),(-0.12567708697-0.140809807113j),(0.19502189203+0.260402635065j)],[(-0.160916347488+0.0335011403914j),(-0.12567708697+0.140809807113j),(0.134790173042+0j),(-0.231486976614-0.0199246260784j)],[(0.271403656317-0.081321045621j),(0.19502189203-0.260402635065j),(-0.231486976614+0.0199246260784j),(0.400498204802+0j)]]
RecvBeam:[[(0.287147284831+0j),(0.242563105127+0.0625189191191j),(-0.282494855866-0.547511831988j),(0.264947026437+0.744049495632j)],[(0.242563105127-0.0625189191191j),(0.218514741969+0j),(-0.357841544663-0.400993626331j),(0.385808388977+0.570838760414j)],[(-0.282494855866+0.547511831988j),(-0.357841544663+0.400993626331j),(1.32188662279+0j),(-1.67936698156-0.226817992514j)],[(0.264947026437-0.744049495632j),(0.385808388977-0.570838760414j),(-1.67936698156+0.226817992514j),(2.17245026689+0j)]]
UserOrder:[0, 1, 2]
2018-09-03 14:55:13,210 - InitFactory.py[line:130] - INFO: Channel : Hu:[[(-0.42505849061-0.640709506726j),(-2.02195893005+0.199189444075j),(-0.0548861299887-0.593250315011j),(0.249517740563+0.300485967596j)],[(0.589433366718+1.80886262052j),(-0.982131525779-1.52102656177j),(-1.11873200245+0.401336339819j),(-0.99301900655-0.373070658631j)],[(-0.0627912257183-1.07986625074j),(0.612511298167-0.723631125289j),(-0.626378538867+0.942133319237j),(0.974950224811+0.815488508092j)]]
Hd:[[(-14.9350329902-22.5122373309j),(-71.0443950476+6.99880365712j),(-1.92850203018-20.8446913116j),(8.76715974219+10.5580006947j)],[(20.7105774192+63.5569539465j),(-34.5085842591-53.4434257423j),(-39.3082357675+14.1015215736j),(-34.8911313393-13.1083667717j)],[(-2.2062587816-37.942632452j),(21.5214532755-25.4258060189j),(-22.0086984474+33.1031905369j),(34.2562590633+28.6533454585j)]]
Hsi:[[(0.798886992157+0.22959689322j),(-0.986961883352+0.601102032468j),(0.176946822329-0.737059771698j),(1.04683278431-0.079892839058j)],[(0.120205281956+0.439997904823j),(0.759568325915+0.092307951239j),(-0.307503469863-1.74987930639j),(-0.197958632612+0.898475989377j)],[(0.571247629714-0.616865928889j),(-0.657201299098+1.72984139157j),(-0.131820352916+0.910482579647j),(0.327678163907+0.183703423091j)],[(0.412796010311+0.274836786912j),(-0.603918481376-0.608557444738j),(0.595357673884+0.867082552947j),(-0.23830150459+0.290790134884j)]]
2018-09-03 14:55:26,651 - InitFactory.py[line:136] - INFO: flag: True, result: Time:[0.011529619802581714, 0.056742828572749926, 0.1877784270395194, 0.743949124585149]
Throughput:[0.3359733012462829, 1.627295064735451, 8.60024082059069]
SendBeam:[[(0.290112812997+0j),(-0.401372392417+0.0370039566067j),(-0.0223975539259+0.0739061905604j),(-0.138088227996+0.135816256393j)],[(-0.401372392417-0.0370039566067j),(0.560020601624+0j),(0.0404138516756-0.0993927161068j),(0.208369127918-0.170289275571j)],[(-0.0223975539259-0.0739061905604j),(0.0404138516756+0.0993927161068j),(0.0205567940639+0j),(0.0452599966943+0.024692549483j)],[(-0.138088227996-0.135816256393j),(0.208369127918+0.170289275571j),(0.0452599966943-0.024692549483j),(0.129309782315+0j)]]
RecvBeam:[[(0.92231482239+0j),(-1.34979711813-0.0758860586635j),(-0.284272590058-0.0605704477405j),(-0.794898814673+0.542715099445j)],[(-1.34979711813+0.0758860586635j),(1.98165643916+0j),(0.421013275923+0.0652548288448j),(1.11867188569-0.859659867766j)],[(-0.284272590058+0.0605704477405j),(0.421013275923-0.0652548288448j),(0.0915952895217+0j),(0.209359586596-0.219476459663j)],[(-0.794898814673-0.542715099445j),(1.11867188569+0.859659867766j),(0.209359586596+0.219476459663j),(1.0044334408+0j)]]
UserOrder:[0, 1, 2]
2018-09-03 14:55:33,427 - InitFactory.py[line:141] - INFO: flag: True, result: Time:[0.04644092079372364, 0.3471483584197153, 0.2938896179203639, 0.3125211028661972]
Throughput:[2.9416541079215097, 2.9416541079215093, 2.9416541079215093]
SendBeam:[[(0.330020979428+0j),(-0.395336926517+0.0300337745183j),(-0.0166328916987+0.122194182776j),(-0.152094351888+0.159915704873j)],[(-0.395336926517-0.0300337745183j),(0.476313138742+0j),(0.0310451546162-0.144864503792j),(0.196749271471-0.177723903294j)],[(-0.0166328916987-0.122194182776j),(0.0310451546162+0.144864503792j),(0.0460821395495+0j),(0.0668761710208+0.0482550636388j)],[(-0.152094351888-0.159915704873j),(0.196749271471+0.177723903294j),(0.0668761710208-0.0482550636388j),(0.147583739178+0j)]]
RecvBeam:[[(1.86643478781+0j),(1.71951084744+0.485249189484j),(-0.203822127261+0.322388334554j),(-0.4671106559+0.652873675499j)],[(1.71951084744-0.485249189484j),(1.71033204596+0j),(-0.10395768919+0.350005458392j),(-0.260601051463+0.722921512934j)],[(-0.203822127261-0.322388334554j),(-0.10395768919-0.350005458392j),(0.0779473420939+0j),(0.163780237243+0.00939082035035j)],[(-0.4671106559-0.652873675499j),(-0.260601051463-0.722921512934j),(0.163780237243-0.00939082035035j),(0.345283765611+0j)]]
UserOrder:[0, 1, 2]
2018-09-03 14:55:33,618 - InitFactory.py[line:130] - INFO: Channel : Hu:[[(0.112944717021+0.389266203843j),(2.78733522781+1.22306255173j),(-1.14068114467+0.901931466952j),(-0.168469878275+0.0354794858376j)],[(0.439952188872+0.751228984688j),(-1.16666503019-1.2832561046j),(-1.09334345624-1.83563868374j),(-0.218533560027+2.22716807817j)],[(0.1016624437+1.77825589929j),(-1.85429908269-2.32895451628j),(-0.433609296475+0.0667569114369j),(0.541334435719-0.069214254022j)]]
Hd:[[(3.96847283855+13.6774202252j),(97.9369769146+42.9740376037j),(-40.0794500129+31.6906414327j),(-5.91942813869+1.24662206065j)],[(15.4583442046+26.395495955j),(-40.9924306876-45.0890234652j),(-38.416173184-64.497768908j),(-7.67848660966+78.2547095448j)],[(3.57205416213+62.4815433821j),(-65.153428494-81.8311204266j),(-15.2354776832+2.34559877443j),(19.0205532528-2.43194099177j)]]
Hsi:[[(-0.507323064614+1.01280186426j),(-0.60858051008-1.04310830134j),(-1.03218434407+0.983545235206j),(0.899822328897+0.972565728009j)],[(0.235809672576+0.629334584931j),(-1.22259338019-0.270068812648j),(1.33121588506-0.297697144009j),(-0.300111005616-0.522250484994j)],[(0.245804851894-0.213015082641j),(0.316500360798-0.438141355602j),(-0.41890319503+1.14367891077j),(1.0293657121+0.176577794642j)],[(0.0700452094168-0.865697308361j),(-1.34286923662-0.408674314796j),(-0.140321722056-0.531620117507j),(-0.345065971567+0.970737823555j)]]
2018-09-03 14:55:44,469 - InitFactory.py[line:136] - INFO: flag: True, result: Time:[0.015577330879064877, 0.1382551964252422, 0.3153253613942192, 0.5308421113014737]
Throughput:[1.3649255320387461, 3.759857943159325, 6.931435392250854]
SendBeam:[[(0.138274971589+0j),(-0.280563757879+0.153440982162j),(-0.10038096795+0.00658264292955j),(0.0822310343657+0.00363587204036j)],[(-0.280563757879-0.153440982162j),(0.739542138764+0j),(0.210980412838+0.098034407508j),(-0.162814409899-0.0986274321025j)],[(-0.10038096795-0.00658264292955j),(0.210980412838-0.098034407508j),(0.0731851252535+0j),(-0.0595226841586-0.00655410653558j)],[(0.0822310343657-0.00363587204036j),(-0.162814409899+0.0986274321025j),(-0.0595226841586+0.00655410653558j),(0.0489977613998+0j)]]
RecvBeam:[[(0.438024205899+0j),(-1.12565028709+0.0586730559864j),(-0.316195022304+0.0393860103671j),(0.426463419987-0.0793476464675j)],[(-1.12565028709-0.0586730559864j),(2.90059862308+0j),(0.81784625267-0.058861542743j),(-1.10657178688+0.146785418138j)],[(-0.316195022304-0.0393860103671j),(0.81784625267+0.058861542743j),(0.231793653023+0j),(-0.314985254122+0.0189317564163j)],[(0.426463419987+0.0793476464675j),(-1.10657178688-0.146785418138j),(-0.314985254122-0.0189317564163j),(0.429583306537+0j)]]
UserOrder:[0, 1, 2]
2018-09-03 14:55:53,512 - InitFactory.py[line:141] - INFO: flag: True, result: Time:[0.03860072253378638, 0.3655143431189482, 0.2988397022726219, 0.29704523207464345]
Throughput:[3.8265609045260196, 3.82656090452602, 3.826560904526019]
SendBeam:[[(0.0727721656932+0j),(-0.209618808873+0.119477661207j),(-0.0691693646988-0.0113882707265j),(0.0659050927534+0.0019104286901j)],[(-0.209618808873-0.119477661207j),(0.79996389553+0j),(0.180544159737+0.146366875124j),(-0.186702087759-0.113706604095j)],[(-0.0691693646988+0.0113882707265j),(0.180544159737-0.146366875124j),(0.0675274623253+0j),(-0.06294140166+0.0084978795728j)],[(0.0659050927534-0.0019104286901j),(-0.186702087759+0.113706604095j),(-0.06294140166-0.0084978795728j),(0.0597364307666+0j)]]
RecvBeam:[[(0.277331918259+0j),(-0.706513860699-0.397951833201j),(0.366150619986-0.302240804649j),(0.273015631681+0.273736703596j)],[(-0.706513860699+0.397951833201j),(2.3709076094+0j),(-0.499089985697+1.29537172365j),(-1.0883134168-0.305597056137j)],[(0.366150619986+0.302240804649j),(-0.499089985697-1.29537172365j),(0.812803428968+0j),(0.0621303811097+0.658941918305j)],[(0.273015631681-0.273736703596j),(-1.0883134168+0.305597056137j),(0.0621303811097-0.658941918305j),(0.538956722055+0j)]]
UserOrder:[0, 1, 2]
2018-09-03 14:55:53,746 - InitFactory.py[line:130] - INFO: Channel : Hu:[[(-0.413972274974+0.0474713232748j),(0.950993499549-1.23711968466j),(-0.360076301154+0.713543302564j),(-1.6045156686-0.577085583638j)],[(-0.438270518205+1.74625671012j),(-0.432003843728-2.19349427883j),(0.705885019349+0.317407733234j),(1.028853069+0.144001801404j)],[(2.00339061086+0.155387514201j),(0.648940737364-0.333407067264j),(1.41584906844+0.413610390293j),(1.45796778066-1.63866572993j)]]
